7
29	-51	90	2	-17	-34	81	-13	-94	24	19	5	-18	67	-10	-18	-25	78	-43	-48	-32	31	-54	-78	-27	-64	1	73	28	-20	33	-30	61	-25	41	-16	60	-87	96	66	-20	21	4	-93	88	70	4	83	-62	21	-85	77	89	63	-82	-12	-64	-76	81	0	34	42	24	-56	-37	-41	68	20	88	-99	17	-25	97	-50	22	-99	26	-47	-70	40	34	-82	-4	-63	-89	15	-26	41	45	6	46	-27	51	74	-83	81	0	-23	-69	-97	-1	65	-56	54	-50	-72	18	21	78	94	66	-82	42	22	96	70	83	28	-46	-92	-47	96	16	-38	-17	60	-60	-1	
52	-66	-95	-97	23	70	-59	-69	-79	23	87	-93	46	-39	-48	-60	-68	0	14	-93	74	11	30	92	51	-8	29	95	-55	33	79	7	72	-62	56	-28	-71	15	73	-62	-75	-62	23	-31	-96	85	-9	74	-3	72	-43	-41	92	67	16	41	-51	47	-65	5	94	-88	-87	89	50	-2	-66	-8	-5	24	57	69	-73	88	99	52	36	-1	55	-67	56	0	-17	-33	88	0	26	-11	37	-91	44	82	84	-9	-78	98	-49	61	-10	45	3	-49	-66	-30	63	44	-16	92	62	-93	33	79	41	54	87	54	97	73	67	-71	-28	-90	-94	-97	-88	1	-85	-4	
-25	30	-62	8	92	26	-36	-90	-66	-60	-14	-69	-52	-24	-54	-16	-43	97	83	16	-38	-86	-92	-90	-8	19	-60	77	10	-3	34	0	18	34	-6	-28	-44	70	-43	47	-11	78	-6	-36	9	37	11	72	-87	82	-8	90	-28	42	21	-75	8	-7	-61	35	-87	-18	61	-27	1	-94	-23	-67	96	75	-50	-53	8	77	-9	-44	88	95	-58	2	-88	73	-32	-15	1	-50	45	14	68	27	7	26	86	-49	99	8	51	51	-22	63	61	79	-21	64	89	19	63	48	18	98	-52	57	-39	38	-78	-89	-19	-51	14	-82	7	-5	98	-75	3	37	-31	11	
6	36	51	29	-46	-63	47	-68	98	-28	-31	-64	-81	93	-48	88	-54	44	50	-80	-5	-60	93	-59	6	88	95	75	7	42	-73	14	-6	-85	83	-56	13	41	-50	-99	91	50	44	16	-46	-63	40	-99	-40	7	54	16	84	-74	9	-47	65	39	74	17	-65	93	-61	56	81	29	30	54	54	53	-6	15	49	-85	-62	-45	-34	37	34	49	-12	50	23	62	86	-92	20	68	66	45	-7	13	-32	88	48	-82	15	-55	42	-67	37	24	-71	78	-97	-22	18	97	-38	-22	-75	46	-41	81	23	-67	-12	69	-88	-77	76	-94	-35	1	82	11	28	0	
-63	57	-35	47	68	35	-17	47	11	-91	37	23	-68	-77	44	70	11	-94	-55	-98	63	-85	-49	-77	-25	11	-65	-34	21	82	-41	-72	83	55	65	-67	-90	60	36	51	-57	76	1	-57	74	87	96	24	82	70	36	-27	41	17	-24	-91	35	-9	-82	58	9	28	-8	37	35	90	-97	-97	-5	-68	35	-68	82	58	-95	-26	-65	14	59	-16	10	18	25	-50	-34	16	-81	43	13	-80	-21	-17	13	-59	-34	-18	-35	-56	-56	-94	76	11	-99	72	59	-25	-11	-66	77	48	5	-60	-7	52	26	-5	-62	15	74	26	-44	-65	46	-32	61	-39	4	7	
71	79	-58	-3	-5	34	-58	-69	-64	10	18	39	-28	-97	-82	47	-68	-55	-63	-51	81	3	-45	-93	-59	25	-51	60	46	-15	-66	-86	41	-64	51	-76	52	-23	4	12	25	-92	-53	11	-61	80	-92	65	-7	-41	97	-95	-1	52	-39	-72	-53	-96	20	57	37	-13	-55	-15	12	-77	-26	64	-42	-36	-84	98	76	-95	-54	-82	94	74	77	-16	98	4	-65	56	88	-41	-5	-61	-39	30	-12	-37	59	8	-53	79	17	-28	3	93	30	63	-27	-69	-84	-11	64	-3	12	13	-87	-69	75	-42	34	-21	-70	52	12	-67	73	-44	32	-14	62	14	19	-9	
32	28	87	35	37	11	-13	-49	9	76	-45	90	-17	-13	-39	86	-26	42	-15	-74	21	-5	-16	73	52	71	92	60	17	-2	-48	-79	-3	-39	4	23	-3	60	87	48	86	-92	-84	44	-30	-9	34	4	63	8	60	44	-63	-34	41	-93	58	10	-90	-96	-52	50	-47	-28	-1	81	19	29	82	85	2	3	-16	-56	-72	30	-62	16	-38	23	-33	-57	-30	-39	53	-87	56	-17	61	83	29	-62	-98	-53	27	-80	85	68	-75	-31	85	84	14	17	-78	-60	18	-52	5	-4	-86	-96	25	-91	25	-81	94	-55	-71	35	29	9	70	-15	19	60	8	81	
74	38	48	-13	-36	54	96	9	-88	24	80	39	63	56	-60	-8	-63	37	-17	-9	22	65	-56	-96	45	55	-64	28	-46	-2	26	93	-61	4	85	37	-28	-78	29	-29	0	-3	79	44	-67	-83	-61	35	-11	-54	5	-55	-97	-18	13	4	84	29	38	-92	24	52	56	60	-31	15	-9	71	56	37	-41	34	-1	-92	-41	50	-15	3	93	42	82	62	32	-2	-78	62	-34	96	-64	-27	28	-23	-83	19	-94	-2	-23	19	-1	96	-14	-51	6	35	92	-29	-44	-68	-35	5	2	5	-27	-33	98	-11	-39	12	-14	-16	63	78	2	35	-87	18	51	-66	
51	-10	-80	66	84	-65	27	-8	31	49	38	74	-77	18	-67	-11	-36	-72	96	-88	18	83	90	39	-30	-58	-73	45	76	36	0	-66	-73	8	-77	54	53	-44	80	69	-72	83	12	52	-44	-36	-92	36	41	-39	93	18	-34	-95	-98	-29	44	71	-94	-50	-16	-39	93	-78	72	-56	-14	-17	-89	66	-28	61	-13	82	-8	1	-22	37	20	-1	-36	-10	36	2	43	-16	21	-45	14	-45	-63	51	91	5	-56	55	-20	95	-97	86	23	-13	-84	-82	89	-73	-77	-93	-13	-79	9	15	-53	-86	64	43	-80	-83	66	15	-44	-11	64	-42	-55	0	61	-46	
-81	-68	-9	85	68	54	38	46	-9	9	67	-3	25	-39	22	-4	69	2	85	20	-12	44	95	-90	1	-30	2	-42	41	18	70	-71	96	71	17	38	70	84	-26	74	-25	-99	41	-8	-27	50	1	89	-99	-82	56	-97	-8	-91	8	-65	-73	62	-9	-49	48	-34	73	-99	-36	-40	7	18	71	-1	-79	-66	-34	19	50	-32	-20	52	-89	69	38	69	99	-12	1	-54	-83	36	0	-64	-77	53	62	-95	-61	81	26	96	-42	99	-73	-79	-26	25	-24	29	-86	2	92	5	-66	-5	93	-21	-62	83	78	44	31	84	11	-8	-52	-3	-12	-49	-98	-22	
8	-80	67	-57	30	3	23	-68	-56	-88	91	4	-51	-33	60	-46	-50	42	-93	-15	-53	-37	-9	-67	34	26	47	-80	37	52	-68	-18	-76	-40	12	-98	26	98	93	-5	-73	-5	-15	-22	51	-49	77	-42	-32	-28	-90	-66	13	55	82	39	-45	-27	-34	-12	29	-10	-33	12	-39	13	-18	-49	-97	43	-65	-35	-30	22	-64	3	0	0	-17	-2	5	37	-99	-59	-43	-76	88	23	25	-84	32	-87	52	69	4	78	42	-36	-6	90	-2	61	-81	10	-82	-1	-85	2	28	-58	-46	-45	8	-82	33	-67	-43	79	17	84	87	-17	77	13	42	-41	-64	-80	
72	38	92	93	-37	-12	-65	-5	-37	28	93	72	-65	79	-4	-53	79	86	0	58	56	44	71	78	-76	24	-52	61	-14	50	4	51	98	-6	73	39	88	54	-37	68	-43	86	93	64	-88	-82	-69	28	-75	-69	-3	29	-96	3	68	98	-68	6	-84	-72	36	68	-93	-24	35	-69	-54	-30	34	87	8	-14	21	89	-43	-29	-21	-89	-46	34	11	72	-54	-19	-39	43	-43	24	83	-74	-79	-10	-6	-14	66	38	-4	-47	-64	99	-25	-2	-4	37	-44	66	-68	-76	-28	-30	-91	-76	78	-6	89	-49	-52	-35	-30	-96	-84	-2	-42	30	68	-17	81	-8	
-68	-6	-76	-24	8	-88	-84	-17	50	25	49	16	20	-81	31	14	-8	-9	-76	-64	-45	79	-41	50	67	-84	-86	85	38	61	8	-68	-47	-4	-64	64	73	-91	91	-57	-72	-26	-94	-17	-83	53	-5	12	-4	-81	37	-81	-41	-28	17	43	79	0	37	-10	-48	64	-38	-10	44	14	41	-43	20	18	9	-31	35	-14	52	-45	89	58	-37	25	64	15	-34	-91	34	96	75	-31	-14	-34	23	-71	40	95	-1	15	-59	74	92	-52	-79	-21	31	16	-3	-63	-34	-42	67	8	9	-38	5	65	34	28	69	-19	6	97	90	-39	99	2	-22	88	-33	-51	
43	-88	-86	-43	69	-8	-2	-89	71	-68	66	89	81	72	-8	5	93	29	13	87	-88	-11	-6	87	33	-51	78	-89	22	-31	-37	-34	34	62	88	-30	49	71	-42	36	-65	-27	-33	60	82	90	-79	2	-91	-61	65	60	85	22	41	6	-51	-7	54	-91	10	60	-9	55	-30	33	11	-62	77	-75	-48	29	-68	-35	-55	63	12	7	-37	22	82	14	49	-42	18	-96	-51	69	-14	-98	82	-35	-36	16	-8	-92	-46	88	-87	73	99	75	-99	-26	0	36	85	29	18	-98	-88	-21	49	-81	-39	-98	27	93	-70	-93	44	-5	52	-7	-32	-49	-96	6	
79	-38	-93	60	-61	0	26	-54	74	-4	-46	1	-18	-51	-24	16	-45	25	42	12	-91	39	9	92	-4	65	-60	-82	20	-49	43	99	-71	32	-14	20	12	27	52	8	67	-60	-92	-62	27	57	-28	16	-85	64	96	-8	96	33	58	-10	-66	-10	-16	71	-36	-18	-88	16	-34	-76	17	-42	24	67	68	65	99	93	-99	10	96	52	-67	-10	0	-36	24	-84	58	35	-80	62	27	46	-24	-14	-41	9	-86	63	59	57	82	35	96	-20	-23	7	41	30	-65	42	11	16	23	-36	34	17	38	-62	-28	10	68	54	-74	-79	81	-47	24	-93	-98	-30	
-75	-53	5	48	1	36	80	31	-27	-47	-83	4	-13	7	-80	47	90	21	-20	-80	-85	91	-59	24	84	51	-21	-79	-6	-49	76	-93	54	-13	41	-48	-14	43	-66	16	-91	74	76	-99	92	-20	2	-87	-32	82	50	-51	27	41	-15	0	78	-71	28	-88	-76	-41	-25	-86	-32	-35	3	-98	-34	28	-50	-7	55	-82	-6	-8	30	60	-81	-17	66	-48	92	-56	-91	79	-17	-69	69	60	25	9	70	-14	-19	-18	-37	60	-17	-59	-5	-1	-76	-46	25	-25	76	-9	-8	-50	-8	66	-39	-78	46	69	-75	25	-93	-1	31	21	-66	-57	-6	-54	-80	63	
50	28	78	52	-71	-9	-54	87	-41	44	42	34	-61	-67	13	61	24	64	42	-60	51	30	84	90	-77	-37	87	21	-63	-91	-23	-92	-98	-55	29	-6	89	85	6	-2	13	8	14	-2	21	6	-49	45	-11	-92	-67	-73	-39	-81	-38	34	-27	-52	-75	-72	-99	93	-33	-52	-42	-36	47	-70	-72	-84	-40	61	-64	61	72	-88	16	25	76	-45	26	32	95	11	-59	77	-70	18	-56	26	-65	53	0	-82	11	98	61	-14	-86	75	-26	-96	-94	83	-46	-84	76	-45	-19	-56	59	-72	-38	-28	64	-73	59	-39	-87	-9	84	98	82	41	-27	35	5	7	
-94	-23	-95	53	-21	-13	-18	94	-67	68	40	6	59	-54	-1	63	-54	57	-86	56	54	68	-43	-28	-7	15	57	66	15	-85	87	63	-87	-42	31	85	72	-10	-16	30	-38	-22	-19	-65	-61	-2	51	93	-86	17	-39	6	8	-31	-59	-51	12	94	13	70	-13	27	38	-8	9	-45	31	63	72	-67	-9	82	-43	56	-39	-84	99	69	84	17	-6	-45	17	-81	56	74	-71	90	-36	24	-25	-79	71	-17	-82	1	48	31	-8	-7	65	33	89	4	-73	-52	-40	78	85	19	81	8	20	-47	-4	96	36	58	-8	3	94	-84	-39	-98	10	96	-38	-73	
-48	-90	-26	-73	-71	92	50	13	2	-31	11	70	-99	65	-75	0	-10	-27	-81	-51	36	84	90	-84	98	38	97	-83	-27	-37	90	-77	-80	88	57	17	86	-84	-2	-73	88	62	72	-85	-45	54	-60	-87	88	5	-19	43	28	-86	0	-83	74	77	-90	47	84	-74	85	-88	88	71	-20	-17	98	-30	66	-38	58	-87	-29	39	40	62	-74	51	48	-74	93	16	-46	-41	60	-5	-46	23	-31	93	28	0	-57	69	-31	-73	35	-16	88	-46	89	22	96	15	-12	-2	-15	-94	-58	30	60	66	-49	81	-91	-41	31	20	13	58	-43	-17	19	34	-79	19	
72	39	-71	-62	0	-95	18	63	-2	8	86	7	41	-35	-58	-12	43	-55	23	-28	72	-8	42	-74	-45	-41	-12	41	-90	-25	34	30	92	-95	-54	-92	-51	-68	-71	42	-29	53	-36	-46	23	26	-13	39	-45	73	10	-29	-17	12	-44	10	90	66	-9	-5	-36	94	44	-58	-67	-45	49	96	-77	60	-62	47	37	-84	78	-35	25	-67	62	64	9	63	36	82	-19	-35	-16	39	47	3	-16	-91	-19	64	-88	15	-89	-60	-90	91	-36	-95	-64	-9	61	-89	3	72	-43	56	68	81	54	-87	88	-57	61	-81	-39	38	55	31	12	-86	-91	39	-66	-68	
-14	-68	39	-30	78	-26	-54	75	-96	-72	-13	-16	-53	67	28	-43	95	-48	36	87	42	-89	-82	-62	-74	90	45	-43	-67	69	-49	90	-75	79	-21	-82	32	-16	-87	48	-13	0	97	-8	57	12	-41	-4	44	-31	-2	-34	-37	4	-29	-90	90	-52	-38	-56	-89	-7	74	50	46	-37	95	86	-73	-62	-94	96	-47	-29	12	86	6	-83	56	-51	-67	-3	63	99	84	-39	-66	19	-88	51	86	-54	-34	-24	-75	-93	-68	-57	-89	21	-70	-8	0	1	76	-94	-42	6	-42	-67	-10	12	12	-63	-78	-79	96	36	67	90	-90	9	36	14	49	-97	46	-43	
-83	64	-90	-61	35	-35	86	49	-13	-14	-29	29	-61	43	-39	-70	-44	-87	-82	-72	-49	-24	-89	17	36	-53	-11	-49	-12	36	-30	-78	92	60	-18	45	96	-55	-95	-89	-7	-2	76	-47	95	91	41	3	39	12	99	-76	-31	-34	8	-14	-17	38	19	-85	-20	95	-50	51	13	46	-25	-61	6	86	22	35	69	88	63	7	1	1	-1	92	-67	-80	13	48	92	-90	88	57	3	-98	-18	5	-61	-23	10	-29	58	70	6	-46	58	-64	14	55	-66	-39	12	56	55	-87	98	-48	-30	79	-41	87	-15	49	73	-51	-11	76	-91	48	63	-17	4	22	
-35	76	80	80	-67	28	39	-33	26	77	94	16	12	23	-98	-4	0	-63	95	79	77	-56	91	70	2	-86	24	6	36	54	-27	21	-42	11	-31	52	-2	77	-53	-14	-47	-52	-55	-9	40	31	-77	99	-92	8	5	84	-25	4	-14	35	22	-33	-98	-26	9	-9	-65	57	-19	-32	31	-83	83	35	-9	58	-10	-65	38	-50	0	38	-68	74	66	63	-24	53	37	-56	-11	33	10	33	42	53	95	12	91	2	46	-54	-67	-81	1	-54	3	-90	38	67	-59	-76	-63	69	27	16	92	95	-83	-63	65	0	-56	35	-66	28	-74	83	-96	-96	27	1	
36	30	77	7	14	-64	50	-17	53	45	-53	-16	84	26	78	-34	-28	-37	-61	1	3	97	64	73	-64	-96	-50	-20	-29	97	77	-25	-99	-64	10	-87	30	-71	56	-63	15	-42	-75	52	-60	-64	-85	96	-56	97	77	33	-74	-5	-1	2	31	-87	7	-11	-93	10	-70	-68	22	97	-2	-58	39	-58	83	-61	-6	72	-40	85	64	-64	-57	64	-50	-30	-44	33	55	-28	4	-56	90	-28	65	15	-65	-15	64	-54	-93	-23	-77	-25	51	-23	95	70	-60	67	-16	58	66	7	57	-49	-50	92	-32	-11	-75	-92	-70	-59	-65	60	-61	66	96	10	-87	7	
-36	68	74	5	70	-72	63	-22	-10	61	5	50	5	-58	77	33	69	34	32	-45	40	-94	0	-84	-51	-33	-77	-9	1	-26	37	-43	-12	2	21	-51	-68	-66	-15	-31	0	-23	-4	12	4	87	50	51	13	-12	4	-48	-61	-41	-69	43	-40	99	-54	-2	-3	51	25	-68	-8	24	96	85	-91	-86	2	82	51	92	-97	-64	88	6	-70	3	-59	44	5	-16	-12	-61	35	-61	28	-92	0	-26	-75	-2	11	-81	37	-29	58	-91	0	37	-47	74	-4	-53	-26	92	-64	51	-4	49	-61	-36	76	-94	31	-63	34	-5	55	42	-91	35	-33	35	-23	-30	
-15	56	45	-19	-86	-6	-72	10	-75	-61	-91	-73	-86	65	49	-98	-66	59	-9	-92	-12	-68	14	64	83	-7	73	2	45	-73	19	10	29	52	-47	-87	95	96	-86	-51	-89	-48	43	26	74	83	-74	34	15	94	31	-27	89	40	88	49	-53	44	-53	90	25	77	71	54	98	-2	82	12	-56	-99	-47	26	-98	54	-44	35	-69	20	-75	-80	-27	-8	-15	33	-25	-20	-33	77	68	-39	-75	33	38	90	-83	91	56	73	-72	94	-91	-73	12	-59	-34	-96	24	-59	86	-28	71	33	-71	50	-16	96	11	35	24	56	-45	-73	-34	-84	-85	-94	84	87	
37	-2	-85	-13	19	-72	-96	7	-84	-63	-16	95	12	-61	-21	-55	37	-12	-7	71	27	75	-75	16	-14	-34	80	-83	-70	93	-96	50	-58	59	-92	48	77	-46	9	16	-47	57	-31	23	-88	-93	69	21	9	-96	63	25	-72	-97	87	-57	67	-65	-7	-52	9	-84	-40	57	39	-55	2	47	5	-61	-62	-30	85	32	-35	-93	81	74	83	-75	-89	29	-15	-70	73	-68	-2	22	-45	32	91	-77	-55	-98	35	-65	-7	20	-22	-47	-74	-36	-66	-67	-64	45	-29	-32	-74	-27	-59	-38	-90	-93	1	8	-61	55	-54	91	-26	-78	-11	44	44	99	-67	22	
96	70	-60	76	27	1	-58	-4	81	-92	97	-81	60	-97	19	37	39	69	90	25	-33	2	70	27	-94	47	61	85	62	53	58	52	2	-49	-19	-13	-52	-95	-79	30	98	16	-58	-85	-41	5	-33	-49	-79	-32	-76	-54	18	54	-76	-22	-66	-38	44	49	-65	37	-12	-39	88	-46	21	44	-54	-36	-87	9	49	29	-74	83	-85	90	58	-93	-53	-62	-93	14	-8	82	61	0	-42	-7	-60	7	-62	-95	-79	-18	-32	59	38	77	75	-46	2	-50	-81	60	52	39	-17	87	-26	33	-90	88	17	80	-24	-33	-25	-70	-98	0	50	65	29	68	-63	18	
46	-86	-72	9	-45	-27	-82	-81	32	-83	-24	54	-5	-60	28	26	-38	-91	-83	-63	46	2	41	13	-16	-60	-97	-45	-40	23	89	96	13	-41	91	76	96	70	-66	14	-80	27	40	32	35	-2	-8	3	-89	-70	-1	69	-81	-90	28	-35	-31	-38	-39	-57	29	2	61	-10	-54	34	83	-57	47	64	56	-88	-14	64	0	32	-32	18	-92	-99	61	-5	-88	-60	14	-15	76	-10	-81	0	-47	62	-18	-76	61	-12	-8	18	-32	-37	-7	-69	8	30	-58	75	14	85	70	99	-41	5	82	-50	57	13	-44	-5	17	97	-18	-81	-62	-69	83	-67	-33	26	
-99	-81	-68	-25	-80	-20	66	-25	-42	-68	-76	-40	59	-36	-83	-59	-91	42	-87	75	98	-69	12	-52	5	-10	-63	-46	-61	-66	97	-78	17	-51	-41	76	21	60	-44	-92	-85	-36	-57	-22	-68	67	65	57	-18	91	86	3	65	45	27	11	43	-13	-85	-23	-28	-23	39	-81	-41	-21	-92	39	-39	18	-77	32	81	25	-85	-73	-42	-12	29	92	69	55	-42	70	83	-48	-71	-33	30	23	-59	-85	45	-36	-94	-1	-45	25	-3	-21	37	-50	-54	-64	-47	-3	36	12	-38	60	32	-49	-18	17	-74	63	12	-23	-1	-2	76	-59	98	46	-76	-74	67	38	
-53	-62	98	-43	43	-28	-55	97	-40	-95	83	79	99	20	-80	-8	18	14	0	79	-24	40	42	-14	-97	-73	-7	92	-58	-78	-70	24	-61	-58	48	-57	49	-8	-38	26	88	-68	-56	-55	72	-4	23	35	71	51	-35	-96	-10	-80	78	36	-62	-15	-64	-84	55	-82	-22	67	-15	-65	31	39	17	89	30	66	81	11	-51	-85	-89	89	-90	4	79	-8	82	51	-70	47	18	94	47	-97	-5	-9	-6	-57	-10	54	-83	-51	-13	17	-47	36	-30	68	40	27	-4	-44	38	59	63	90	-79	-65	-48	27	-99	64	46	-58	54	-36	-26	-21	-81	65	-93	-96	
50	-16	47	-98	-7	-79	99	-92	-79	64	8	-21	17	-39	47	34	-52	99	46	98	64	59	-19	-21	-32	55	-75	87	-19	-55	-65	67	44	-68	-68	-96	0	0	63	-69	-11	41	-4	-84	58	42	-81	-44	-29	20	-35	82	-28	54	55	39	-51	58	-12	-31	-33	45	84	45	6	14	-34	-28	-30	-53	9	-57	77	-67	9	-12	-73	9	-51	26	-20	-2	-89	20	64	61	-18	-85	85	-38	-56	37	-60	-90	-1	21	-8	31	6	73	-76	96	-5	-95	91	85	-35	-76	-20	60	86	-46	9	-96	80	39	55	-4	73	-3	-36	11	62	-19	57	8	-65	-42	
-36	-94	11	-25	73	-31	-32	-11	-74	-92	14	22	-43	-19	37	86	3	-41	18	32	0	90	49	53	75	11	-61	-65	-64	16	-97	-78	-87	-66	-43	49	14	28	-44	-39	-83	-13	-84	0	-14	54	23	-63	9	-20	-80	-47	-13	-61	-62	30	3	42	-74	-88	11	-4	80	48	49	93	-43	-79	-68	-66	-45	-80	-96	-87	-16	62	-23	13	-86	96	83	-20	29	-34	91	-32	-53	36	-38	71	-52	34	-52	-30	-62	77	15	-23	96	-98	62	-28	47	-17	41	93	27	20	-75	70	28	34	45	91	-67	33	-73	-1	31	-58	12	65	31	-70	-87	96	-40	62	
92	30	-95	-92	-30	93	65	33	-7	-68	-87	-96	-31	93	27	8	-60	-30	-54	-28	20	97	-29	-66	-32	74	-77	-97	-67	-31	97	-65	29	-18	-73	-20	-24	31	0	89	84	56	-85	-21	-96	-50	95	56	-14	-61	76	-34	3	-5	-15	-89	9	65	51	-51	-43	98	-69	-16	32	-24	-62	-61	-75	22	13	-95	-60	-21	51	64	-27	-38	-68	-84	-35	60	18	-15	40	37	-52	27	96	-77	26	47	3	53	-43	-23	98	79	57	63	-36	2	84	-54	82	-32	72	13	68	98	57	45	56	24	24	-62	-91	1	98	-60	-38	-41	-24	-89	21	-60	12	38	
-82	-82	6	67	-65	25	28	-48	29	81	-43	2	-62	-99	19	-43	-4	-60	27	-7	0	-60	-21	46	49	-60	-2	-61	28	-90	-50	-2	-16	16	-94	-39	60	-74	-59	-37	52	-5	-64	-22	-31	-92	-2	-88	61	65	33	1	56	-79	-47	28	18	-5	4	78	44	-69	-69	-17	-67	-37	-39	-97	65	68	-45	64	-34	-49	-53	25	51	-96	5	-3	-47	76	83	-87	2	-13	-3	67	52	27	97	-55	0	20	16	81	68	2	34	51	96	-89	-95	89	25	-4	22	-22	14	-31	-70	-46	-73	41	90	-48	58	86	-46	52	-97	46	-72	-45	-63	-17	92	76	
-63	76	63	40	-14	-78	-58	84	-42	-26	2	-1	-3	4	-33	-64	2	2	-18	-90	-72	45	54	38	15	63	-92	-87	86	43	-76	-68	-49	96	-16	-51	-59	71	-81	-62	-79	66	94	19	97	52	-71	-51	94	-91	-38	51	-95	-14	36	25	7	39	-44	34	73	-66	-59	-68	69	16	6	8	42	-29	-4	98	45	-64	47	35	-38	17	-72	3	-49	53	39	8	-40	-64	-96	-59	-3	-36	27	75	73	14	-83	-43	-42	40	-61	-67	90	50	-97	-81	38	54	-40	-82	-27	-15	-18	-42	-54	-94	83	22	-96	12	34	-97	14	89	85	-21	-72	-22	95	51	
99	-21	58	-60	-20	-99	-70	-31	-99	39	-96	-97	-1	-10	89	-49	58	-27	18	-22	11	97	-17	18	0	-2	22	68	23	-71	-92	5	-95	-19	-71	-56	15	68	-81	-2	-47	34	59	44	34	-99	-92	29	88	5	-95	-46	-15	47	52	83	9	21	72	-4	85	85	-12	-16	-67	-64	-36	77	-76	-52	78	79	-5	8	-18	36	20	-32	-39	36	-22	-73	-62	-14	-79	18	-54	48	98	-88	-25	71	49	29	-56	0	18	41	28	19	-21	20	-88	-38	29	7	-55	52	-34	-98	-52	-72	75	3	68	-66	-65	21	-7	-91	-39	-43	-29	3	82	-57	3	56	
-95	86	35	-9	91	-5	-91	-39	-99	-76	-82	-47	-33	2	37	-68	-71	0	59	58	40	1	-63	-65	-27	42	74	78	-97	96	-91	-67	71	-20	-29	33	45	5	-27	-23	-64	-68	-59	46	-78	-92	11	-36	31	-64	-91	81	-85	-98	9	71	91	12	-37	8	-4	89	-63	-49	-39	-54	-16	19	26	17	-91	-13	27	-85	39	32	97	63	-3	-55	-30	-25	-2	-51	14	68	57	91	10	1	22	-44	59	-33	-24	-5	-2	-5	-78	-85	77	1	86	-24	22	-97	11	-16	53	84	90	-83	-23	-49	-97	-46	-39	61	41	25	-15	-59	-67	0	-77	97	26	60	
21	-51	-95	-45	-98	63	-96	54	62	89	41	2	73	38	-32	-1	-11	-72	54	-44	76	-43	47	35	-63	-43	17	-27	-96	94	68	-83	51	-90	25	10	-94	-77	-3	-7	-40	75	-47	-99	72	73	-40	-25	63	-2	-2	41	-18	-91	-82	-40	1	-31	74	-44	76	43	-25	13	36	-81	79	-35	-45	-24	-29	-54	-36	-82	69	60	-96	-66	24	-15	-98	-99	-71	80	-17	-97	20	-80	-89	-18	89	-8	-87	60	58	-24	23	38	-61	-16	26	76	-68	-7	-71	-20	-9	-50	-55	59	89	73	-58	-12	-86	2	45	64	39	-23	-1	-75	24	10	-88	96	-5	-42	
-38	-40	-86	89	25	45	-29	-27	-64	97	28	-20	81	45	-91	55	46	53	89	16	0	32	34	-16	14	-87	-72	-62	77	-45	-99	-97	-47	-83	97	-3	65	31	99	49	64	59	97	-95	-32	-46	40	82	97	27	68	97	-70	84	-80	-34	23	-33	-66	50	-20	-83	43	-51	34	-39	-66	-40	-17	10	-62	45	42	-9	59	-59	-59	-92	-11	95	-79	0	-23	-33	16	41	-92	-16	-17	94	-41	9	0	-55	-49	-61	89	-25	53	-4	6	-1	83	84	99	82	37	94	96	-5	4	26	-80	-5	15	56	58	72	-78	-98	-39	-71	23	-70	66	-18	-94	63	
-52	61	81	89	78	-37	21	38	16	41	78	63	39	67	30	-60	3	2	90	-80	56	29	5	90	-81	64	-95	-56	-61	72	-59	-78	-6	-51	-23	69	-1	-8	21	-79	-35	-66	-24	69	98	81	73	72	91	-80	59	97	3	-19	8	79	95	78	19	-8	88	79	0	45	79	-57	-78	51	12	-57	-74	68	-85	92	-93	27	-42	-46	14	34	20	-35	98	-83	62	-34	-81	57	48	76	53	26	13	38	-68	72	-67	91	99	27	-68	49	-16	68	-59	-62	99	60	-66	-92	74	79	77	-59	-98	-41	-52	67	-52	90	-32	-75	93	97	37	50	10	57	
0	-67	-6	68	-54	-84	-24	-69	78	-40	84	-35	83	85	-15	33	-62	18	-13	32	-74	-26	94	-59	92	96	-93	-51	-17	-69	-83	0	-7	-66	-8	91	18	-37	-13	37	0	34	65	21	-26	67	97	-6	89	-28	75	-85	-89	-58	71	59	-81	-68	83	81	31	-22	20	-84	-54	12	32	75	-23	-27	-81	-69	84	-61	-30	-33	-95	-42	37	30	-91	24	-43	-48	38	13	-14	-86	76	-22	-93	20	12	57	94	44	-81	-13	72	-90	89	82	-90	-5	-67	-24	84	-49	-12	-49	45	-43	-17	-2	18	0	-48	-62	50	8	95	30	30	-79	-90	48	25	14	
0	-85	61	-29	68	-52	62	-40	-94	-89	1	18	-1	79	61	74	13	83	-44	-37	7	-87	50	-80	49	-72	-42	-94	60	-75	70	87	60	-58	87	21	-37	69	87	-88	-22	38	-3	13	-57	37	89	63	0	5	-21	-34	38	49	56	13	-50	96	36	-20	-1	-25	-87	91	-66	74	27	97	-16	43	-88	-4	-8	43	13	-91	-73	-56	9	47	-47	-14	87	92	61	28	-91	-39	-36	49	-98	15	60	84	22	-96	-9	-48	-77	52	-79	92	-17	75	-66	-7	-16	-88	-50	-98	-7	46	61	-65	39	29	-2	42	6	-76	93	89	10	-37	53	-36	34	29	
82	85	64	-92	-89	37	-3	-19	-1	57	89	-23	-30	-55	-95	11	83	-98	64	66	-77	52	70	81	84	35	-34	-68	70	33	-63	94	93	47	88	14	-69	50	-90	-63	-23	47	60	25	-42	0	55	-5	-40	-10	-17	97	-43	78	84	7	-43	-68	26	-39	52	78	86	-59	87	10	-98	44	-60	-26	68	7	91	19	-20	-90	-50	-83	4	67	16	-48	-37	7	19	97	-18	-50	-31	-31	80	-76	-90	-71	-7	89	-19	42	34	10	-35	92	64	-19	17	0	-24	-32	40	12	-97	-75	92	-25	-18	84	-96	-11	-23	-60	-33	-90	-41	24	29	-33	-91	94	
-77	13	8	-1	-26	68	46	-42	-45	-90	-6	72	55	-65	65	-33	31	89	-48	-47	-6	76	-1	-85	2	-85	45	47	-66	99	23	25	-84	-46	-57	59	66	68	5	65	-84	-19	-11	83	-82	60	19	60	52	88	5	76	86	42	54	2	62	21	-43	3	90	-30	1	17	2	66	-4	-82	-91	-85	35	37	-12	71	-66	-80	89	-70	-6	-95	45	-71	8	44	-81	-97	-69	-14	96	-37	-63	-23	33	95	-33	51	-56	-33	79	-63	7	28	-47	-11	-31	-58	18	51	-27	-42	88	-91	-19	-60	-54	10	37	-42	33	80	2	-63	-72	24	-60	12	64	97	
-80	-34	-34	99	-83	59	-95	34	31	22	-12	-7	16	-77	78	-16	-85	96	-46	-42	90	47	93	-87	30	-84	59	19	-66	-8	-23	-55	78	-79	99	6	27	-27	-38	49	27	-15	-76	-65	35	-38	1	19	-97	-56	-76	38	20	-23	-31	-79	57	48	81	-79	-39	-27	-15	-24	0	-61	46	-79	68	77	-79	9	3	26	-22	53	-28	54	-30	8	62	-59	24	-79	-46	91	-16	-66	61	57	-51	97	95	26	-33	12	-7	7	-63	23	-46	86	70	83	-98	19	-6	32	-71	-31	45	-3	-67	-36	1	91	-30	-62	35	84	89	-86	-71	-49	-28	46	76	30	
-63	-26	29	16	-99	-60	-76	19	99	-13	75	-12	-47	81	63	-71	81	43	66	-22	-89	52	-30	83	-29	3	63	13	-29	-86	10	19	-6	54	25	-43	63	-32	19	27	63	6	50	-90	-13	72	34	-67	57	-17	-2	-49	60	64	48	80	-26	42	-5	9	9	94	25	-39	39	69	-21	59	3	61	19	18	28	74	45	-4	65	-1	16	76	50	49	-19	-5	-84	77	-59	0	9	-25	10	13	-84	69	-7	8	95	33	-18	-89	56	9	15	-7	-36	82	17	-74	-62	55	42	83	-25	4	-6	-49	-65	-81	-67	-8	-24	-3	90	-96	73	77	-70	57	
80	-42	59	0	-49	8	-74	77	-63	45	9	57	-96	-50	99	14	-21	-66	-48	9	4	70	38	30	27	54	68	-72	-1	-82	-82	80	-53	87	-68	54	18	-4	-24	-57	61	93	78	45	39	80	-76	28	-10	-86	-16	-3	17	-42	41	-46	66	-35	-56	76	-12	-21	20	-73	69	-60	-51	24	71	11	70	19	48	-33	39	3	-17	95	-78	19	-79	37	-44	52	81	80	-24	-88	-59	-28	83	54	60	-90	-70	37	90	-32	-37	-1	-51	21	-86	99	84	95	63	20	51	61	-73	74	25	-1	-43	32	-88	-22	-68	-23	1	-71	-20	39	-7	-96	3	-95	
-30	43	50	72	33	17	69	-5	60	-87	-73	-8	-83	-12	27	66	3	35	89	-96	-54	28	55	46	14	99	15	-71	16	36	42	5	-64	3	51	-32	-65	-81	45	-87	64	-3	98	-30	10	62	22	-50	11	-44	-57	-72	-88	95	-85	-49	73	-34	-28	-90	-83	43	-23	-44	-3	-1	68	-35	-27	93	64	-67	96	-62	-65	66	-9	-6	-8	19	-90	-24	45	66	-41	90	55	95	58	27	14	76	55	7	-85	-79	98	-38	14	21	69	-64	-20	-27	-69	53	-51	6	-65	-74	92	30	8	-39	-78	33	-75	23	-58	73	-8	63	60	70	87	-80	-2	27	
-31	37	30	8	21	52	33	58	55	-5	47	-97	24	18	88	42	63	81	54	2	-73	-54	31	52	90	7	-88	76	-34	-44	-92	45	-69	-1	20	99	-10	3	23	80	68	55	96	-22	-25	4	56	25	-80	-1	33	97	-59	-37	60	-99	-9	37	37	35	29	84	92	-63	-39	24	17	-20	26	-62	-27	-18	-20	-41	-19	73	19	86	19	-84	-14	35	-34	-12	-13	-98	-92	28	24	-71	-49	-45	53	-80	-81	83	-76	-30	-26	-22	-73	32	89	78	34	-9	-97	52	-38	27	-48	18	-81	87	-47	-99	-82	37	-97	37	-69	67	-53	74	4	14	-64	30	
32	56	-79	-51	92	85	-57	-24	-73	-97	64	-21	25	73	67	38	-25	-83	-54	-22	-75	-39	-34	63	-12	-85	-36	48	-41	-2	-81	-64	38	15	85	43	97	-97	-3	39	25	43	83	74	-17	37	72	-57	-52	-55	62	3	-34	95	65	-4	64	3	90	-24	-57	59	-67	-91	41	10	98	-18	-65	-73	53	72	76	-64	4	26	55	-42	-6	94	-33	54	-69	19	-90	17	-21	60	17	-15	-70	87	-83	99	-16	88	-50	-84	19	7	-47	-5	66	-17	-94	-10	78	-41	79	3	-39	96	-86	61	-35	-67	-45	2	89	-99	4	0	-59	-48	-87	-86	-44	-19	
67	-40	1	-37	83	-62	11	60	23	-49	-59	-72	-2	-76	93	-80	-28	-62	31	-32	-43	-43	60	69	-68	69	20	-25	0	68	49	5	73	63	-71	-75	-94	-68	74	-89	-59	-70	52	-2	1	-49	-76	83	73	-58	-95	10	-52	-96	71	21	48	-15	90	4	92	-45	59	-22	-28	29	66	64	-74	97	-98	-28	61	-98	-13	47	59	-78	-26	-2	32	29	75	70	58	-46	38	6	-70	55	10	93	52	-39	75	84	25	-10	-10	-53	52	-28	-26	93	90	-32	8	-21	0	38	-2	87	39	31	-82	-22	-35	-76	85	59	74	-28	69	42	-10	-49	-6	43	
-85	99	10	1	71	-59	-3	36	-62	60	-65	4	35	91	-41	39	-12	-46	-59	-20	29	-43	50	-62	-95	-99	76	40	61	-57	-18	-81	-86	5	28	79	-8	-94	-53	-74	30	-65	29	-22	36	-44	-75	89	-6	-58	23	95	64	94	-97	70	94	86	-92	-17	87	-87	-91	75	74	35	74	-32	-72	-8	-47	49	17	68	95	-89	-50	-48	56	-91	60	31	-62	-25	42	56	-67	-34	-45	45	91	-75	-67	-88	51	-58	-10	-51	-54	-7	14	90	-73	70	83	-12	54	-20	-15	50	-40	-83	-98	-23	-62	-53	97	14	-71	-42	-51	-81	93	32	-62	-80	90	4	
49	45	-9	92	-93	82	-42	71	-30	51	6	-84	-17	-22	-79	-1	-54	40	-97	-26	-42	-59	84	-29	35	38	-68	-61	39	-98	62	-47	1	-35	-75	93	-70	53	-35	69	15	-16	-34	74	-13	95	-75	-95	85	-79	-45	29	-76	-74	-17	-87	55	68	-33	18	-66	74	-60	-22	5	-10	-73	69	-26	65	-40	28	-8	89	91	40	25	-3	89	-36	-26	96	38	4	-61	60	-74	-49	-37	-76	-1	37	-83	-65	65	70	-99	-46	36	7	73	51	-8	34	-94	73	-78	-22	3	-38	92	-64	-79	86	13	-65	-12	-86	-20	-17	-34	-61	-5	-78	75	-28	-30	16	
-55	-77	-47	7	62	-84	17	0	96	67	-97	13	67	97	38	6	15	-13	-29	73	17	-25	63	89	39	-16	55	-65	-74	-19	27	-9	13	-56	-47	86	91	-51	41	-17	50	20	-14	79	0	-5	27	-22	42	83	13	-58	-84	63	-55	57	-18	-62	64	-25	91	-44	50	-59	-98	85	-67	19	-10	77	-19	22	-12	-21	25	-97	30	-86	12	-24	43	-25	9	14	83	-84	-77	-39	42	22	60	-87	-65	74	-75	40	11	33	14	-92	90	-52	-39	-62	-5	1	8	59	19	-50	-83	-65	8	-71	-98	72	97	-61	69	-18	-11	43	-65	-92	39	-78	-85	72	
-47	68	-60	38	17	-45	-74	-12	88	5	-61	-37	93	-26	15	-76	-95	12	-36	-16	2	-92	77	66	-64	-22	74	30	79	-49	8	61	21	-14	-75	64	-43	10	-13	-90	0	-56	-24	93	95	2	20	-10	-36	52	-6	-45	24	-75	83	-16	-30	10	-10	-14	-99	61	-79	13	0	83	-33	-9	-35	-96	-1	-6	88	-91	73	-4	-74	95	42	-73	-78	-49	-84	22	-42	-93	-86	-80	69	-72	80	-18	47	60	26	83	89	21	43	-48	17	34	-41	-29	37	4	-82	24	-88	-22	-17	-23	-91	-83	43	-76	-72	-15	-28	28	98	-87	59	14	-47	-66	94	74	
90	76	-88	-46	15	30	58	-61	-96	92	-11	-55	47	74	-14	-31	57	38	-59	-9	-49	22	3	67	-35	-6	70	56	-34	11	-82	5	1	-36	31	39	89	-40	-96	95	-72	-29	15	-12	19	51	-17	-92	-52	82	77	16	34	-63	69	13	-13	-87	31	-78	26	51	38	-65	-23	77	-21	-72	7	-38	-46	21	-98	-40	-12	-32	-52	-86	79	36	51	8	-11	-81	67	-98	75	-77	32	-8	-88	-86	-76	-34	-28	63	35	56	3	-69	-9	-88	-39	62	-35	71	-63	15	34	-47	-71	46	-85	-58	92	15	47	89	-73	14	-26	84	-96	-81	-53	97	43	-36	
-97	73	-25	94	-43	16	-40	-78	-16	-60	66	-47	-73	-49	39	-49	-35	-78	-62	37	60	-74	-36	-19	67	69	-72	5	-12	14	95	-39	89	95	-94	-8	90	-55	-35	-34	5	88	71	74	-52	34	-7	-82	95	47	-13	44	91	-33	-77	-81	23	63	14	-30	30	70	-43	-86	81	-28	-93	-50	23	-11	-3	86	13	22	-90	-98	-69	-62	-72	3	85	51	55	-63	-37	-82	-70	67	69	15	46	84	-85	80	46	14	66	10	-19	-51	4	48	-53	-14	9	85	46	23	15	92	-90	-45	76	29	-33	-55	17	-69	23	96	65	88	51	-47	18	-32	50	-68	
36	-25	-81	-12	87	20	-64	96	-50	93	0	-23	31	31	84	63	-49	-95	72	-29	40	-23	18	-38	55	73	-75	-26	4	-44	8	13	-48	-40	67	32	22	-16	-74	-12	41	-85	34	-78	-72	78	-82	-42	0	-50	55	-79	90	74	53	-47	-76	-14	48	0	67	53	-23	31	-82	-43	69	20	-22	-76	85	-22	60	-72	34	80	-4	3	-34	-2	-68	58	-73	97	25	-23	-49	24	39	69	22	-74	87	5	64	-42	-9	-70	31	-30	44	18	3	-6	92	-67	-29	-44	71	42	-12	-20	-36	56	-61	75	-44	3	41	94	37	-51	55	34	0	-66	-12	34	
28	68	-29	99	-42	25	11	-20	80	-66	70	-15	29	-82	20	-43	12	94	7	67	-47	-32	-63	11	75	31	-30	-67	-32	-54	71	56	-60	-28	95	-17	-91	-53	-6	-98	93	-31	80	-36	-53	-16	-39	11	23	-67	87	-13	-39	33	82	79	64	-3	14	8	-33	-43	-97	-24	93	-90	80	11	-21	17	-79	83	-11	92	-78	44	25	-36	-93	46	-55	-71	-92	7	-78	21	-25	-57	94	-66	-1	-88	-50	0	-88	82	-35	31	88	44	67	-28	73	-85	86	-44	-13	66	8	-7	17	-92	47	-83	-18	-7	97	82	25	43	70	-51	-72	-47	-89	-81	0	11	
-52	87	-22	-9	86	95	-11	26	-77	65	0	34	23	95	-44	-23	-1	67	-9	47	-20	58	-32	-64	-66	-63	99	-7	68	-98	61	-61	-35	-42	9	43	36	-64	-90	-82	-14	75	-99	-88	-37	32	11	-17	74	47	-53	64	-44	-61	-60	94	94	40	-4	65	-18	92	-43	32	21	-52	-69	67	48	3	-25	36	-19	68	-61	65	84	13	71	45	76	71	66	-63	-20	75	64	-20	-92	59	-22	-84	86	34	46	-54	-80	-20	69	65	-1	-38	-56	-2	98	53	38	-79	91	85	-96	60	-70	27	-15	-84	-85	34	-32	-41	-2	-3	35	-68	48	16	-45	26	
60	58	-98	43	-16	-76	18	-83	-63	-12	-21	-29	86	19	25	51	98	-12	56	-31	85	-25	-24	76	98	-42	25	94	20	47	-10	-82	-11	57	-53	92	48	-95	29	64	-16	-99	81	5	-58	-98	-54	-81	-78	85	30	-22	98	3	45	59	-77	-55	56	-11	17	-87	-41	38	58	-54	5	19	-98	35	-93	-57	-56	-32	77	31	-52	19	38	-68	-84	88	51	-97	-33	-45	-30	0	-71	-51	-75	47	-4	-76	-27	-42	-19	-5	-90	72	-90	-2	-76	11	-87	-48	48	-94	-66	94	-19	-9	18	-8	21	-32	-3	84	88	27	9	90	-74	-9	58	86	43	-15	
-62	-22	-57	-48	-40	91	-28	56	-97	-47	-82	64	-16	22	-98	-73	-66	48	-54	87	-29	28	-97	-50	83	18	58	-10	37	85	23	0	-7	64	45	-8	-29	-87	73	-25	87	25	-30	-71	-21	-7	15	-85	8	36	-4	31	-85	-64	55	-66	88	91	-79	-39	-19	-48	6	-13	86	-19	-97	-76	-68	40	-85	70	50	44	76	34	-82	-33	-68	-54	47	97	23	27	-69	-70	-30	-79	-54	-14	-59	77	-82	-33	61	-57	-12	5	83	-82	57	58	45	72	-13	81	-34	-18	-25	-19	-43	-98	-34	47	-93	-21	35	-89	68	-32	99	7	28	54	81	91	53	37	
-97	-56	66	92	-8	-86	-47	58	35	32	-95	-20	63	-5	-5	-55	79	93	92	-51	71	29	59	-18	-57	-62	-41	-32	-46	21	-32	5	-92	-61	-88	85	-5	-30	-53	-62	-55	-66	59	52	41	8	54	-89	-64	-82	66	63	-33	87	98	53	-26	1	-23	-42	-79	89	-15	83	-28	-35	85	69	-97	10	6	-1	-35	-69	8	-74	-13	-25	42	12	75	-69	98	31	47	95	-9	-37	-50	55	17	-99	-45	-63	85	-63	-26	25	-23	24	2	28	-67	-7	-24	-29	-96	76	4	-81	-18	2	29	-22	-36	-27	-70	53	-74	-7	-75	92	16	64	-12	11	90	80	
-45	76	52	-23	-11	12	88	84	-8	-38	49	-97	-1	97	26	15	83	4	94	-10	-55	43	93	59	60	30	52	75	-88	-97	-1	-37	55	24	-72	59	60	22	34	-59	31	4	68	-89	-56	74	50	46	-56	-58	-56	-59	-73	21	-67	-2	-21	-34	89	50	13	55	88	72	-23	77	0	47	-71	-33	53	-89	45	-68	50	32	96	-78	-92	33	32	98	0	58	69	-61	-78	1	29	10	-40	-94	-85	25	-26	96	-21	44	-43	-44	-46	-35	-60	0	-57	-21	-56	38	92	22	-26	30	-64	21	32	-19	-75	-55	94	-78	69	54	-19	-70	-12	-35	62	-37	
-43	85	-28	6	15	43	20	65	25	-18	-16	-60	32	-18	12	24	66	-83	69	-1	54	-46	18	15	83	40	-73	31	48	-55	8	-68	92	72	-92	-46	-71	72	55	-37	72	93	-81	54	77	-90	-40	-64	61	45	15	-51	87	27	-62	-85	45	31	7	56	-94	-75	56	18	80	22	59	-33	0	-41	29	48	10	54	-64	-6	9	96	-25	87	30	5	-39	87	3	2	-60	-12	-82	-91	-76	9	83	-7	-72	-70	59	-95	-65	38	-63	6	-94	-97	36	-27	-91	-2	93	39	7	-19	-36	17	49	-74	-99	92	2	-22	82	3	37	-52	18	48	0	-95	
-86	41	-19	-51	48	64	-37	89	-39	-45	1	58	-88	-48	-78	-28	56	-51	-37	-46	-50	89	0	58	23	-67	-52	-96	-36	-84	-88	30	86	25	88	-61	-86	-29	29	-78	95	28	-75	-44	-21	78	45	10	94	-6	-11	24	18	35	45	-3	-11	-43	60	2	20	95	94	-48	-93	-23	74	5	-5	-92	-58	94	32	-59	-77	78	47	14	-30	81	-68	83	-56	88	-33	63	80	-12	98	57	85	-76	-12	-25	56	70	15	20	-94	36	92	70	-60	37	-5	38	33	27	57	-40	-12	43	67	51	75	40	-39	92	-44	-62	28	-93	-68	11	25	43	-65	17	
-1	-46	7	-96	-1	-2	-70	96	65	65	-13	63	-32	76	93	-82	65	71	20	75	7	-19	42	81	-8	-45	-26	-61	14	8	-35	-54	75	77	96	69	-82	-85	-56	-88	16	86	93	53	89	-19	8	28	-2	-31	-63	57	40	-74	-61	-13	47	-73	-51	-51	-44	-68	-47	35	-58	3	18	71	56	59	-11	-47	-76	2	3	19	80	99	-39	-33	-5	71	-49	86	-43	-75	-70	-16	-47	-25	-76	-49	-35	87	-86	25	-9	-19	95	-16	51	-97	17	-20	-36	-18	94	-72	19	-9	-32	1	-34	3	26	72	14	-3	-34	-52	74	-34	-42	-2	18	-72	97	-43	
-94	-13	70	-1	6	20	33	11	-96	-79	-52	-4	-45	72	50	-27	-66	-68	30	-72	78	29	66	-74	-39	4	40	66	-37	32	58	-35	4	-60	-25	74	-77	19	49	-61	-51	31	27	-29	88	-4	73	22	-95	-15	18	-27	-97	-95	92	86	-75	-87	-19	18	-29	-57	66	31	-13	-33	-92	32	59	88	-84	46	96	-65	-1	27	10	-85	16	-89	-19	66	-35	-53	25	-49	19	-73	81	-88	75	65	4	66	72	55	82	3	-19	-63	-1	-58	-59	-40	-75	-27	-96	-39	47	73	-65	63	-49	-16	74	17	95	-47	-63	-99	-16	-40	-22	-65	-89	-89	-67	-5	
70	-37	-56	23	85	58	59	39	-87	92	64	79	95	-12	25	-31	-43	44	-78	3	91	-64	-22	29	36	-70	-30	-5	23	-92	39	-48	47	33	-13	-41	1	6	61	84	9	49	57	-21	-76	32	89	49	26	14	71	95	65	-48	88	28	40	93	-36	81	28	-28	-98	-59	65	-15	-33	-61	-63	-28	-47	53	-38	-88	61	39	-38	63	-50	61	48	3	91	83	79	-59	-20	-17	11	-36	-78	-17	48	-5	3	65	-48	36	37	-94	83	46	70	65	20	-9	-81	19	-59	79	-95	18	65	-83	78	23	35	16	85	90	87	-60	77	50	7	4	-26	46	
81	-97	-11	-25	-42	55	27	-36	0	35	27	18	-66	-90	-97	-35	70	42	-5	83	-62	26	39	8	11	68	32	-30	-9	-43	-60	-89	15	67	-51	72	92	7	66	70	10	-20	-78	92	74	98	18	69	70	-58	39	-39	-82	-63	-13	29	-77	17	-4	94	-97	66	83	-53	72	-28	94	-96	66	76	-45	-55	-60	-29	-34	-43	20	-3	-97	10	-68	-33	9	91	41	-7	-77	13	-86	2	70	9	-59	-95	21	77	47	-3	-92	84	66	76	5	33	83	-68	84	97	-94	51	49	-56	92	-4	-58	-22	-31	-19	-39	-32	-91	-28	82	-23	69	-43	4	-18	
10	-84	-63	44	-8	83	20	-74	-20	-92	32	82	42	-24	-28	-94	17	11	89	-28	23	-97	79	60	-78	-5	19	-63	16	-60	34	86	38	84	-57	-25	76	28	-98	-6	92	-38	-98	-78	-93	62	-97	31	50	15	-32	-39	-67	-15	8	46	32	-17	39	-48	-37	12	10	-22	14	-19	30	6	79	67	-42	-92	51	-8	-8	-26	-66	81	37	-41	93	50	72	72	-30	94	58	51	0	51	16	7	-20	16	95	-61	-70	-63	-73	97	-80	-32	-31	99	-96	-92	31	51	91	13	-77	79	90	42	31	71	35	-1	-39	2	-2	0	98	89	-71	-80	-28	95	
3	-86	33	-49	-13	-39	54	-88	-87	93	-91	-27	36	62	-19	-40	-51	-60	36	5	-15	1	37	-29	33	62	9	-91	0	-15	64	46	33	52	20	-70	-53	-57	65	66	-14	76	21	-21	-73	46	-95	57	51	-98	18	12	93	-13	8	-61	12	46	57	-7	8	20	98	84	38	-25	56	79	-59	11	27	42	-62	25	-59	2	-90	-75	51	41	46	-45	-8	3	72	87	92	-39	-21	-26	0	-52	2	82	-90	42	47	91	15	23	-14	-38	91	-12	-45	-96	-18	-88	79	-73	51	-59	-6	53	-97	12	90	69	-80	-97	-72	24	-46	-11	87	-48	4	88	
-9	84	22	22	0	-46	-26	-58	-90	-41	47	-66	-90	-77	25	57	-59	-46	-95	95	12	-27	-89	89	-20	20	-35	54	53	-24	48	-17	27	-90	84	-69	30	-87	-87	51	6	-27	62	19	16	-45	77	-24	-30	-31	-3	-63	-1	-6	78	-48	85	30	-60	-62	45	-92	74	83	-35	71	-70	-25	88	-12	-44	7	39	76	-39	75	-2	-11	-37	-33	64	63	-43	-7	23	-54	84	49	-99	-75	-68	-27	70	99	-37	-84	41	89	-40	73	19	35	89	-31	-15	30	-60	6	49	-42	-41	92	26	-72	29	81	24	56	54	5	-97	-4	-94	93	71	33	-14	0	
-7	58	21	90	-60	-63	-38	83	-56	-97	-2	-97	78	-39	9	-36	-15	-57	37	-85	-98	-64	-17	27	40	-76	19	68	8	41	98	90	75	53	99	63	39	-85	-79	82	-41	14	-87	-10	-94	-65	81	10	55	-22	6	-3	-16	-54	-4	-19	98	-59	68	-34	73	6	-59	-16	-84	-72	79	88	67	95	31	-21	0	-68	-54	34	5	-38	-61	82	-96	40	-81	-75	-23	24	85	-37	30	-58	63	-15	-86	85	60	97	74	84	17	56	-82	96	77	57	-42	43	9	25	-13	94	82	-34	80	-63	82	-39	51	36	72	-88	-61	-23	-91	-69	-63	81	-7	-53	
-87	38	36	86	-16	-68	15	54	89	-51	77	-88	85	-37	-37	-36	-7	46	-55	34	6	63	12	2	-46	-37	75	-16	-46	-8	96	12	-23	50	42	-54	-40	-26	-87	-9	-34	62	-23	73	-36	9	-31	-88	80	85	-76	-27	10	24	34	-35	31	-30	80	-79	89	-53	-11	27	-85	70	-56	-81	3	68	90	58	-53	79	-95	53	99	-57	-53	-6	-1	3	-26	-76	-41	67	99	-56	65	41	97	50	6	59	96	1	-94	-6	-88	50	-30	-64	-47	38	-7	-78	-79	53	87	48	30	-32	53	45	25	-26	-17	90	-62	30	-12	25	88	28	-92	-63	25	-99	
-38	-23	91	24	-91	26	-98	74	-16	-2	79	83	-59	97	-94	-15	92	0	-92	-97	42	89	-31	4	-16	55	-89	22	89	86	20	-19	-96	0	48	77	-20	36	-82	-2	98	-97	52	41	43	76	32	27	-19	-70	77	-63	17	-53	-43	2	-17	33	-23	-10	-53	-29	38	67	37	-29	-88	64	-95	-9	-78	32	64	65	92	6	18	-35	-44	17	43	0	-43	41	-86	-29	14	-12	83	18	-8	-24	-11	-86	-14	-93	51	-45	-14	-85	89	69	32	34	-62	-42	80	49	79	3	91	-7	94	-41	-91	-13	-45	-36	-15	45	-78	-99	-7	-53	88	83	10	-74	
96	65	-93	20	-12	69	-78	-56	54	18	56	-51	84	-75	30	-51	-64	-13	46	-49	-41	37	36	79	0	-56	-73	4	-95	52	81	-51	-71	8	2	79	-79	15	-13	58	44	26	-23	-26	-62	-47	-85	-94	-66	-29	-11	-64	28	5	-77	11	31	-42	19	-76	51	30	-25	97	78	64	-87	-31	-11	-61	-4	62	-61	93	77	15	96	70	73	65	46	-92	61	-54	15	-12	-92	7	31	-86	22	89	98	40	79	74	-90	11	45	27	-33	33	-66	30	93	-10	70	87	63	-44	37	71	41	83	0	0	2	62	25	22	-14	-87	-36	57	-53	-97	-77	-22	
3	-57	19	-41	-42	-95	1	39	-2	-3	52	93	-67	-52	-10	-62	-83	-70	29	-76	71	-44	41	39	13	33	-56	74	-68	-67	52	44	-53	42	-30	59	42	26	90	78	12	-20	-41	43	-25	39	-96	17	50	-36	29	34	-50	-58	-77	-95	51	-62	-66	5	20	-20	33	18	-48	-16	-54	-53	-62	49	-52	-33	-64	0	-54	-21	55	-95	83	23	71	13	93	82	83	47	-27	43	-28	-73	-6	61	-40	1	-21	-6	-68	22	-39	-17	-87	-13	48	58	57	15	-78	-76	84	93	53	2	-71	-35	-80	36	-20	-85	11	-1	79	31	93	-79	-36	87	23	15	
-17	57	-6	-68	-48	98	-49	-79	-69	-89	-21	44	-92	-50	25	11	-19	92	14	-55	-67	-73	-6	49	-66	41	-11	96	70	23	-16	-38	7	13	44	36	75	31	-66	-60	23	-20	-39	41	15	-57	51	-20	30	-84	-54	89	33	66	-53	-84	-32	62	-72	-33	-21	-24	-37	-35	81	-46	-91	-69	-61	-76	-66	-43	16	-22	13	-80	-97	-59	0	-58	13	-70	45	-32	-79	-24	72	-48	-77	-81	29	-77	-70	-65	30	56	-32	3	70	87	-48	-51	-83	-13	-22	-55	-59	30	68	-52	-23	97	-39	85	-87	62	-36	-60	14	-32	19	-40	71	60	-70	93	-24	49	
-94	-24	58	69	53	67	54	59	-39	-4	-23	54	80	-91	-42	-20	-78	-70	-35	-83	-73	-59	2	53	71	-55	73	91	-13	10	-74	-43	-26	-41	-58	2	-75	11	33	-22	74	-2	43	-53	28	-11	-97	-59	-72	-38	-76	14	6	32	-94	47	36	69	-95	35	-42	81	-4	15	44	59	98	-24	3	96	15	18	45	-30	66	-67	-15	-99	93	49	-20	-58	38	75	44	42	66	63	52	-3	-11	-30	-23	-98	97	53	-60	-40	99	43	38	-54	50	68	63	-73	-46	0	86	85	-50	-52	-2	12	59	96	45	6	-72	50	-1	9	-32	-68	13	53	96	-78	
-2	4	-50	15	7	-94	99	-15	21	0	-39	-75	-26	-19	37	24	-92	-5	-85	-41	93	-24	-80	44	-69	-58	65	64	13	65	85	94	74	23	-23	-55	-99	-60	72	85	-1	-53	81	9	-4	2	-20	-70	0	57	-9	92	-96	-41	-9	13	-26	-29	35	-59	17	33	-9	83	-1	33	57	72	29	26	95	-2	6	34	22	-33	6	29	75	-77	-57	-39	87	-20	-28	-7	37	50	-45	85	-29	59	37	-2	54	41	-41	-30	-96	-49	0	4	-70	81	-90	86	-88	-10	39	42	44	-8	-68	-18	40	-44	28	-78	55	-17	29	69	-1	-95	-45	37	-25	31	
-88	61	-69	21	55	-47	-62	60	-20	13	-14	66	50	-4	-53	-21	38	23	-89	-9	-48	-58	73	6	53	18	-79	-30	-92	6	70	-91	-62	20	63	99	-37	-25	81	-7	-2	-5	62	-64	-69	-52	1	-52	-62	19	53	88	81	-57	49	48	43	37	40	12	-75	53	-11	45	-82	-98	-35	-31	-56	30	-57	-8	-35	10	-99	37	-90	8	0	75	69	71	-64	-73	-94	-77	34	-4	-35	97	-88	-14	-77	80	27	-12	80	-53	89	-68	83	88	-35	-91	11	57	75	-78	-45	-34	-17	73	-82	46	-5	-59	12	10	44	69	42	-54	-2	-22	-46	24	55	13	
76	12	-77	74	-19	40	-89	-70	89	2	-61	-91	-33	-23	-65	77	99	75	13	70	37	0	73	-10	-48	57	89	-69	69	-62	33	28	32	-62	-4	31	95	-19	-54	-86	-94	16	45	-57	82	-48	-62	1	31	93	-99	80	-59	-67	-34	-20	-50	16	26	-61	45	28	90	54	96	-61	23	95	-93	1	68	-12	-10	-65	-53	-48	40	-10	-58	3	-64	55	-6	74	64	83	49	55	23	-47	51	27	24	21	53	42	41	61	99	51	-63	-48	-29	-23	-29	-80	17	-24	48	-77	22	-75	-20	63	-24	82	0	51	-39	-85	-96	0	-77	-55	-22	-32	55	12	
-96	-94	42	59	-64	76	-88	-23	80	97	48	-87	89	18	31	72	59	99	-48	-48	72	-15	-87	96	13	28	-98	-35	-39	-85	85	-49	-76	-97	-10	-88	23	-46	-45	81	40	-24	-77	30	14	39	77	47	-89	-30	-42	38	26	79	-31	82	22	62	-67	68	-60	84	97	-42	-27	-42	95	39	18	44	79	73	34	53	79	86	-81	-80	53	-21	99	-54	-96	-19	-65	-68	91	50	80	30	-28	-55	38	40	62	-75	-77	60	-28	40	-96	89	53	16	-94	44	14	-85	87	99	-39	-15	-8	-41	8	-29	93	-95	10	79	-9	80	27	-79	-94	68	4	53	
11	53	28	-27	-54	-20	-33	-73	28	69	-22	74	-78	2	-77	0	3	60	-88	-57	-62	-63	-30	-42	-94	-17	60	85	-85	26	-96	4	-83	-34	-4	18	70	-15	70	-62	21	-84	-23	-25	10	-23	29	-57	44	-36	35	67	-40	-9	44	78	3	-99	-85	34	-27	-53	-89	73	5	34	68	50	-40	-23	-35	-1	17	-64	29	49	-61	-17	-16	36	-52	-66	75	33	81	-51	11	-7	58	82	74	48	-85	38	-8	-26	48	85	-66	43	-75	-67	-51	66	-98	-1	79	-60	-15	-69	-24	-36	93	47	-40	58	37	-6	-52	-2	21	-74	-52	-69	-84	-44	-38	84	
-6	-42	-74	65	30	-4	-96	84	-9	21	-45	33	33	42	-62	-55	10	66	54	0	-55	70	-10	20	16	85	-36	95	48	-92	15	-30	-1	63	79	-91	20	-37	67	6	3	97	-9	12	-81	-19	56	74	97	64	57	63	16	11	62	18	60	-56	-11	-79	77	93	52	-42	-9	-79	-13	95	-47	-16	-28	-27	-54	10	-56	10	93	18	-22	99	-18	1	-77	-12	-7	86	-15	23	-2	-86	-28	44	-51	-70	-75	9	4	77	11	-58	-70	53	62	-58	-15	75	45	-16	-33	-26	-12	54	51	-50	-24	-81	-57	35	67	-88	42	77	34	87	-36	-76	-54	17	
-65	67	-32	88	39	-13	17	89	-64	-50	64	-17	55	52	-27	-14	-42	-86	-34	16	97	-32	82	-77	91	48	69	-59	-11	-34	-86	-35	34	54	-47	-94	-3	11	-99	83	20	50	-97	-13	26	-50	0	-92	-10	55	-69	-2	80	-58	5	75	25	-66	-39	34	-31	29	26	-18	20	46	-79	-13	65	-92	69	0	-44	-68	-50	-53	42	-17	56	-9	13	-69	7	-4	-58	46	-15	-73	17	0	99	-53	88	62	58	25	78	68	-82	-9	-73	-72	6	4	-39	-95	-10	-32	71	-47	18	5	72	-34	-2	98	-52	-19	-16	86	80	-97	-81	93	-29	35	-17	48	
70	-95	-79	51	-16	-93	46	91	60	-69	-23	-47	-55	-3	-74	-14	39	-68	7	-53	-42	-8	-26	-15	93	-32	51	-20	61	-31	79	-84	10	-40	76	-46	-40	-7	-58	8	63	19	20	-73	-67	-22	-5	-69	11	-38	-55	58	42	65	92	56	-14	22	-67	-21	4	-85	-1	78	-15	-53	4	-69	-29	51	-60	-80	36	13	-3	42	29	21	33	-96	19	23	-12	74	79	66	37	17	54	81	17	16	-2	30	-41	39	-27	36	-55	-33	40	25	-98	-3	-25	61	-59	94	-20	0	2	22	2	20	21	95	-5	91	-62	-8	78	83	99	50	-53	33	41	88	
-18	-4	14	53	-71	-78	-90	-26	8	57	90	31	-61	2	-23	-98	50	-86	54	-87	-88	-64	-4	-99	-51	24	68	88	-75	-84	80	-44	-38	-99	-22	-70	-56	92	76	77	52	-72	-60	1	-50	-86	-21	65	-13	3	-2	49	12	20	33	68	3	57	-53	-51	96	38	19	-76	-67	-19	-58	-81	62	11	-2	84	25	-21	-51	-34	61	-17	-80	-65	-30	-22	57	10	-8	-18	-54	68	95	-9	-61	-98	-21	54	66	-1	60	36	-30	-40	-20	-49	60	5	6	5	-11	-93	76	-85	23	42	-66	52	-28	35	-50	-27	53	21	-52	82	34	-99	-27	-56	-75	-33	
28	91	-29	58	63	-45	-22	-80	-96	89	-90	45	-77	-67	-52	98	89	-42	-16	1	-89	-47	16	-90	-94	-95	72	53	-47	6	-72	84	-46	-83	-78	-45	-34	-84	-24	-66	-58	54	7	-32	-79	53	-47	16	16	7	-35	19	96	-23	81	-42	-3	-23	55	-64	-98	37	60	-38	4	75	-1	12	49	22	-77	-23	-13	-43	5	55	-29	48	-98	-70	35	-94	-44	38	-94	28	76	3	-1	62	6	62	61	29	1	66	0	-77	18	-42	-27	-35	26	49	89	86	80	-35	-12	53	67	54	-31	-64	-47	14	-28	-35	-45	-34	-96	-30	73	70	-33	-3	95	19	
89	29	89	-68	49	-24	-39	29	35	-16	-28	98	62	-13	-62	-89	-16	93	65	27	-68	61	-66	95	53	62	-49	-94	17	74	92	-83	-33	-17	41	17	1	69	-73	21	79	-12	99	-44	-66	-47	85	-70	-11	21	-37	-66	69	9	-3	-22	-69	-15	93	-36	-82	22	67	-90	85	-83	-49	12	37	62	-4	75	-70	-94	-54	-28	-66	7	47	-64	8	-54	-49	29	40	-80	79	21	98	-17	50	-92	0	2	-49	32	-65	67	-5	6	-43	-45	-93	76	34	-47	43	52	-91	-94	-24	-97	65	-9	17	19	-53	-35	82	-90	61	-52	29	-51	63	-60	24	82	
78	-63	-10	61	-50	-61	12	1	93	-81	-62	-94	-81	18	-67	-98	43	46	47	68	55	30	33	-44	88	0	-61	81	52	52	51	-17	64	-99	70	-61	96	97	-26	7	19	22	53	76	-54	77	-31	-51	-10	-12	69	10	-17	99	-50	14	-66	2	-91	77	-11	-2	0	-90	-7	-43	28	46	61	92	3	85	43	93	-22	32	28	-27	-40	-91	-24	-28	-39	49	-71	68	49	-48	45	79	-15	52	99	76	1	-91	-53	-78	-46	-49	-70	97	23	-15	43	-39	11	-6	-75	-53	1	-2	69	50	-61	37	-70	6	36	66	20	89	1	-93	29	-52	96	36	
40	84	-39	88	-12	-54	-67	-27	30	23	16	-59	68	-28	22	-85	56	67	95	-56	-53	56	-87	13	-57	0	5	71	-26	41	-69	63	48	72	-90	-51	-42	69	-48	98	-18	-78	-13	-1	54	41	-21	0	-39	-65	-52	-78	28	-76	-81	33	-29	-27	66	-34	24	95	32	19	-19	57	4	17	34	13	72	19	-11	95	-27	49	-57	49	-91	-65	-4	-81	-62	-45	96	-16	6	73	-81	94	2	-12	39	-53	-33	40	45	50	75	55	54	-43	-58	-29	89	53	70	55	31	-91	79	-6	-8	-83	3	-7	62	22	-71	-65	-31	-56	35	-15	72	-35	42	80	
-1	-87	-55	18	49	90	97	-85	25	34	-5	31	-9	33	-63	-6	30	73	92	54	36	66	-52	-14	-45	-43	-50	32	45	-15	83	77	-19	50	45	-56	2	-67	27	-84	34	-27	54	48	28	-11	-88	29	-42	-70	85	22	54	93	-23	57	-9	45	95	-66	-60	40	70	56	49	-5	58	-25	68	97	-53	-4	-91	-30	-95	-62	-78	5	24	66	92	-12	2	-66	12	66	-22	80	-72	-51	-58	28	68	-90	-98	70	-83	45	-23	-7	31	53	48	-66	-95	-92	-84	-95	5	-49	45	-99	-53	-13	-12	-16	-50	-97	-7	22	34	-61	-35	22	93	-49	-42	66	
96	76	-55	53	-66	-55	-66	-33	-93	-70	2	25	-68	37	74	10	-86	80	83	99	-87	-79	-84	58	58	-62	26	-59	-62	-57	-51	59	58	83	-24	-95	-88	18	-87	54	-9	10	4	-82	18	6	-11	-63	-57	-63	-80	-46	-85	-45	-44	-21	16	-41	53	42	67	-44	67	-52	-5	6	-30	6	72	39	51	-75	-44	44	44	20	88	45	-76	-79	-18	-67	42	16	77	-84	20	0	79	14	84	-38	-56	-27	-34	-14	-96	4	-7	-6	-80	-65	53	-17	-14	-8	-23	22	82	-11	-8	-72	60	47	49	4	47	-34	90	37	87	-7	-43	-89	31	94	31	48	
44	10	-1	-79	39	-53	-16	-39	-87	-66	-28	-8	61	-51	70	-35	47	-63	-16	48	55	-89	-91	-80	-79	61	54	67	72	-11	-22	60	-48	-17	-18	-23	19	50	-45	-41	-28	32	24	-54	-74	43	16	-18	-31	-80	-54	28	-69	-36	-12	-91	32	-27	-26	5	0	-50	-55	33	56	-89	69	-36	-99	5	-54	3	71	47	-13	50	-4	-81	-73	47	-80	92	-57	-40	4	71	-93	-50	57	-65	-2	-87	20	18	35	23	5	-17	47	22	58	14	-20	19	-14	-52	52	26	60	-18	14	-63	-60	86	41	63	6	-54	94	-60	-58	-28	-3	-35	-51	-60	47	-38	
-8	19	-37	-53	64	-74	-81	22	-98	-53	56	-70	-95	-26	-57	54	-40	-67	-12	-26	-79	-90	-39	3	62	95	98	79	47	87	-69	22	72	-43	61	13	74	53	68	-6	-14	-1	-19	57	-85	-76	-42	-20	88	51	-85	42	-71	28	-53	70	88	-83	-4	27	88	0	-53	97	-35	-95	16	-83	33	-79	46	-57	-25	94	84	74	-28	-60	46	-75	-10	-6	-60	66	-1	36	47	-86	-38	-5	-6	-99	6	20	-69	39	70	-57	-87	28	-74	88	-9	98	59	74	35	-3	-37	-51	-72	-89	-39	25	74	-68	-21	-74	-35	-34	-27	63	-33	-61	-90	-80	6	57	
-68	-24	-91	-95	5	-98	-93	-38	40	-87	-19	-48	12	-76	50	-16	-71	-65	-37	-78	33	-86	-9	-46	-77	-28	-34	10	9	-17	24	-82	26	10	63	-9	66	22	23	-29	7	52	38	40	-2	-63	-43	26	49	88	26	-9	-96	19	5	-23	-10	-5	-91	0	8	75	-13	25	39	28	63	61	-21	-83	-33	-42	-86	44	-98	-74	-64	9	-4	92	0	12	10	74	57	14	-68	-39	8	-36	-32	-16	-64	-25	-64	-15	42	-79	-56	-40	-67	9	-62	94	-35	81	-44	67	28	-81	15	61	-80	66	-98	-55	-12	-5	16	49	33	-71	-81	39	-83	-5	-21	-60	
-59	91	-84	-79	14	-74	-36	-81	-7	0	43	-53	-11	77	77	-39	-67	97	80	-51	14	-76	1	-24	-14	52	15	35	-64	12	5	-81	-85	27	-59	11	56	28	0	-22	-77	-75	80	-71	27	41	-38	61	52	-92	19	37	94	89	70	61	37	91	52	17	-2	16	-80	68	19	-49	-16	70	4	-10	22	25	-12	-81	-83	-96	-57	79	42	74	60	4	-62	-92	-85	92	25	-22	85	54	-54	7	-67	52	37	-75	2	-27	5	-82	-21	-53	95	40	31	6	97	-48	-3	-26	79	-90	32	50	36	31	-63	60	-11	-44	-47	79	15	-61	80	62	92	-45	
-22	13	-81	-20	-32	-55	33	-38	-1	-77	97	90	30	37	-58	-47	30	91	-9	-56	44	38	-15	-10	98	-37	78	73	-32	-32	97	23	-44	-39	78	0	-10	4	-18	94	54	-13	-10	93	1	-85	-61	25	-75	63	63	-32	53	-3	55	93	-80	46	96	86	21	-47	32	39	41	64	66	-35	-86	96	36	-7	99	59	96	45	-21	51	69	64	-94	-20	77	84	-93	9	-73	-50	21	20	11	-39	-13	37	81	98	-29	40	-25	-22	61	-4	-99	-59	67	-90	0	62	71	48	-52	-32	-16	93	53	-64	-51	-48	26	23	90	-24	-46	8	-38	-22	55	24	
31	-17	85	-98	53	38	58	24	-26	-95	87	42	-12	15	-75	90	9	-43	-44	30	45	28	82	8	-5	-85	59	17	48	90	77	-82	-92	81	24	86	84	76	72	28	41	-70	97	24	-24	20	47	-40	33	29	84	78	-34	-88	-91	-84	-33	-37	97	-27	-75	27	3	-15	-88	45	11	-46	-29	52	-54	57	-46	-22	55	18	1	-6	13	92	17	-30	-12	-26	62	-67	-71	-8	-71	-14	-83	61	29	-41	-40	0	-23	-38	-7	30	95	90	-73	-37	80	23	-35	-48	-4	-63	76	2	-93	-39	56	-26	-70	-71	-66	-40	11	-9	-52	-14	52	-52	-92	-31	
46	42	-44	59	-36	-59	90	0	-67	99	72	-79	95	56	38	-25	-62	91	-88	22	32	-79	-84	75	-42	-74	44	42	-37	78	-37	-63	76	-59	9	-41	14	-16	-5	54	-22	-65	34	57	-57	-98	92	-98	20	-84	-90	-72	-51	-7	36	55	-93	77	79	-50	-71	86	62	-83	46	12	-45	-93	-77	52	65	24	-79	-38	89	-50	89	75	-74	-86	-77	9	87	-19	-59	81	-83	84	-60	25	-63	61	-13	4	-98	63	41	-2	-80	96	98	16	-87	96	-75	-48	98	43	-49	54	42	27	42	-15	3	66	-93	-35	35	-80	-5	52	-90	70	-48	-39	-94	-78	
47	11	61	-4	11	-38	-75	-60	99	88	-61	28	35	51	85	65	-27	-36	-57	94	-84	19	-3	-91	45	-91	90	67	-91	-54	52	61	52	71	94	-82	-49	-89	-34	6	64	-37	-69	-83	26	-88	-60	-61	-3	26	-49	27	-62	-55	-53	27	-11	-75	-20	44	47	29	87	-72	-75	92	58	76	40	21	45	62	65	-89	-47	-89	-19	-53	61	52	-27	-14	-64	-59	-25	49	81	28	0	37	-55	-93	-96	-84	24	47	81	89	-55	-53	-81	-3	17	61	-53	-64	76	35	56	-83	-8	-83	95	-39	25	-82	-51	21	-21	-86	85	87	-12	-38	45	0	-55	-48	
61	-52	36	-45	-77	-57	0	77	-98	99	38	31	-63	-89	20	21	29	19	-12	5	-82	92	58	-20	33	19	61	-58	-35	42	89	-88	89	88	28	-47	60	-45	-8	78	-89	-16	-1	-74	26	-43	84	90	-94	-31	-76	-85	-17	6	0	-70	-34	92	64	23	-88	-11	49	-98	84	-18	59	-48	-86	-53	90	28	13	12	-40	-24	54	-52	-89	52	-31	-85	26	-18	39	50	98	58	52	-93	11	24	-5	-21	31	-71	-96	-5	41	-86	-99	13	-67	61	-47	-15	23	-75	20	26	22	-65	-5	-92	-98	78	-67	-46	68	58	65	77	-17	73	-1	-40	49	94	
28	-5	-17	-75	80	-23	33	-67	-58	43	48	-16	-17	-78	-14	-25	63	20	19	69	-20	99	-25	-56	14	-15	-16	16	-40	-56	19	-48	-16	15	15	-86	29	41	55	95	-49	84	-94	55	95	-93	-96	48	-62	-48	53	-66	72	-41	-9	-1	47	27	-38	80	-45	-51	16	-55	67	-8	-42	55	-34	99	-33	-5	-86	-25	-67	-61	-80	-6	15	78	21	55	-13	34	7	-42	34	-24	32	48	59	63	-25	-39	-87	-75	57	-24	-41	-70	-44	-44	-64	-2	-22	47	-15	-73	-36	-32	-34	32	-91	-14	-19	85	0	-93	50	-12	49	-5	-74	-4	-43	86	48	21	
79	-24	71	61	-90	-88	-1	-64	-64	-66	0	52	11	25	-10	51	85	-40	36	-31	60	71	72	-16	-9	-26	-53	-9	-17	75	-84	69	53	29	62	-20	80	-88	-30	-40	-86	2	45	-7	50	-94	61	8	24	-8	-98	13	71	-35	-5	42	-94	35	-11	6	-29	0	-67	10	-97	-81	-99	-79	-95	-72	-94	96	14	-32	-77	39	42	2	-47	52	-82	45	-28	-52	-42	80	-43	30	-11	87	5	0	-66	-9	14	-15	-47	-30	-36	-4	-10	19	13	-15	-64	17	81	-68	71	18	91	-86	-93	66	-50	-11	59	-66	84	-48	-35	69	-87	69	19	-96	-20	1	
50	-46	94	61	92	25	12	25	95	68	37	-94	-76	-19	-25	61	91	76	17	90	20	-86	-93	-83	-63	-23	41	-8	60	66	-51	12	-87	-80	81	66	-38	33	20	24	21	-35	-69	32	23	66	-27	-70	-71	-71	73	-6	93	-47	60	97	23	-96	-29	-25	79	-31	73	-25	-56	1	37	-45	50	96	-68	44	-83	-87	-73	-68	-55	11	-53	77	-36	91	-89	-7	-33	-3	54	97	40	1	1	17	-21	90	68	-36	98	81	68	79	-97	55	82	-88	42	87	-10	-52	-37	11	62	-14	31	51	88	52	-65	88	-13	21	-69	-98	17	-16	45	63	78	71	
77	60	6	51	21	-71	-68	41	57	-21	94	-32	68	99	29	-8	98	-71	-34	79	-66	-93	-47	-75	25	-82	-86	12	65	-54	-38	0	-35	92	-98	-28	26	2	-7	81	75	57	81	68	-36	41	-89	-11	-70	-98	-80	-85	52	32	17	-48	29	-58	-78	9	53	-42	97	70	-61	87	-51	0	-64	14	97	-78	-72	89	-14	18	-53	-65	-65	69	8	72	-85	14	56	-83	96	-84	49	71	76	87	-1	32	40	98	-62	-12	43	1	-8	-9	-49	-76	-71	18	89	77	9	-62	-14	3	30	29	-42	-29	-67	-10	84	-19	87	-55	-42	71	93	-53	-45	-37	
-72	-53	-48	21	25	84	18	17	40	-34	57	85	39	-63	-47	12	-70	-38	4	34	-42	91	-73	66	-85	47	-58	98	75	85	-65	46	-68	-53	47	-54	9	-51	5	47	-22	-38	-31	-33	-1	-81	-68	-5	-16	-13	50	54	12	94	78	-12	-88	84	90	77	88	-9	-43	97	-77	75	77	38	-90	10	26	-21	-77	-37	-27	11	29	-24	87	-84	83	-43	-93	53	66	-52	-90	-62	36	88	70	31	72	-24	-32	28	-71	-27	-6	0	-47	-21	30	-10	-35	82	1	-56	-24	-38	-44	-23	-90	-32	-34	25	-89	23	29	-38	-35	73	-89	63	66	21	-19	-79	
98	-62	48	65	33	8	-26	-31	70	51	-87	24	67	-16	93	0	59	75	2	-96	-34	-51	-3	74	87	-37	43	-80	-63	-1	44	52	68	62	-72	-59	-66	71	92	-47	-75	-58	-49	-33	-39	73	91	-90	-4	35	-14	-35	-4	-2	4	32	37	-1	-85	-3	-24	-11	53	80	57	86	-61	56	-80	-65	-11	-19	41	-90	59	-3	-21	-4	-20	84	-3	-53	44	81	-19	-13	48	82	-58	68	18	5	89	18	-97	-39	-72	16	53	-46	48	-6	-96	-38	-12	-24	81	-74	-43	-32	46	-45	67	-39	63	44	-49	11	90	-52	-59	-37	9	-63	7	45	-22	23	
3	-61	52	33	7	47	46	-3	-27	-98	55	-41	-12	-15	28	75	-6	-54	93	-60	32	97	58	89	93	25	-5	11	4	-4	70	-20	-20	34	-61	-14	53	29	-16	0	-9	-63	-92	84	-5	33	71	3	-27	57	32	-39	-38	1	-90	69	-28	-66	-10	-21	90	43	8	-57	-37	81	-41	7	92	-86	63	81	91	-15	49	70	44	-5	-64	44	32	23	-97	52	43	-23	46	-49	4	-92	-6	-45	-27	-58	68	-45	-80	-25	-51	-19	69	53	0	-57	71	62	-63	31	-62	87	-45	35	53	-55	39	-50	22	-27	10	30	86	-63	-5	93	-88	2	-64	11	
-99	-73	-93	2	31	41	-66	27	-69	-55	-40	45	-80	-66	38	62	48	31	63	61	-14	40	26	38	61	-69	93	35	15	17	83	46	67	-24	62	-29	-40	-9	41	62	92	57	-50	10	-97	-74	-59	-11	-97	61	-25	88	64	-32	-97	61	-81	-79	14	53	-69	92	48	-59	-43	57	67	34	-95	-89	-16	-37	-20	-86	58	98	-67	-8	-97	66	92	62	-21	-43	-19	64	83	37	70	-42	-63	-7	-82	50	-36	-72	-92	92	35	-33	71	-41	50	-62	-6	48	-44	-4	-24	-9	-23	44	-20	80	75	61	14	-53	86	-85	71	14	-41	45	76	29	-41	66	
-62	-69	-15	89	-37	46	62	20	-68	-53	-8	-79	57	-36	-35	12	53	-91	-15	2	-27	80	-31	26	38	-61	82	83	54	42	-73	-90	-39	-51	14	59	-1	-82	44	83	40	-81	-90	-18	-35	85	18	91	-9	-63	95	-69	-15	32	-13	94	-13	32	-44	-99	-62	-93	-11	89	-31	-49	-79	-27	22	6	-27	-93	80	95	-27	9	-30	-21	-90	19	-66	-52	90	92	-90	-52	3	10	-22	64	52	38	79	-29	-21	-43	20	-86	-26	75	-29	-87	25	-71	-55	-49	-61	43	-99	63	-24	-13	6	-6	-77	-53	-62	94	-42	87	54	9	-77	-8	28	-1	-82	-48	
13	24	-89	53	-22	-90	-66	-66	67	-39	-80	-72	-23	13	88	-97	-68	97	-52	-12	50	-43	85	-88	-36	-48	-80	77	-94	65	-3	-89	-36	-33	-88	67	-53	-7	-23	42	-28	-28	10	67	-47	-92	47	74	-19	76	6	50	-57	-1	58	-39	37	98	76	56	-2	74	-81	-84	-60	-60	-55	-29	-20	-44	-77	-16	-55	-14	-84	-7	71	-87	34	-5	36	13	-79	-8	-25	-30	40	-69	65	80	5	-39	-21	81	-54	-1	-3	-85	9	-34	50	-40	68	38	-44	-87	-58	26	9	86	45	-5	-6	35	88	-53	90	-32	55	92	41	1	-61	-30	-39	33	-8	-37	
-33	81	-46	-15	31	-95	70	-90	22	11	-23	54	62	-52	30	36	14	-88	55	0	50	29	86	-85	-15	-92	-42	53	37	27	-47	82	-33	25	25	-80	73	1	-81	-20	-34	86	-62	34	97	-19	77	57	-76	52	-60	29	-41	-44	-68	22	80	-84	-1	-94	83	43	-18	-24	-35	48	8	32	-12	-76	-45	87	59	-20	-41	11	-83	38	-6	0	-90	-88	-81	51	49	-78	78	71	89	-2	61	-59	67	98	-63	67	50	3	28	77	34	-75	-72	54	-94	44	21	-52	-5	-65	0	-74	40	-85	-32	49	-21	-83	74	-7	45	-76	-59	-58	-30	-36	-56	-84	
40	-68	84	91	93	-3	64	-40	-66	80	96	-45	-63	8	-92	-20	-66	-57	-6	59	27	-23	-26	-6	-32	74	77	-7	-1	-64	-12	-30	24	-32	-40	86	7	63	73	-29	60	39	-23	-82	-66	22	34	-61	-44	-93	86	4	88	-78	41	72	63	-42	-61	-14	74	-59	-94	-19	-66	-75	91	97	2	45	39	-96	32	-92	-67	-22	99	2	5	-84	85	-76	-94	-8	5	-40	-75	98	-79	1	1	-41	60	-46	-65	-90	-93	79	96	-35	44	98	16	79	-39	-46	8	-93	83	-86	-73	-50	47	57	-20	97	-20	-88	97	-87	-52	-81	-25	-80	65	-8	47	-8	
92	90	9	30	-87	-21	38	-73	-47	-2	-80	33	53	87	52	99	64	58	-29	-7	-10	-1	-89	-90	-32	-61	-27	-61	-87	-37	47	37	26	88	87	76	76	98	-55	6	33	-51	-65	-44	-64	44	71	26	-28	57	62	-65	62	59	3	-8	88	48	23	58	-79	-2	-36	-99	-94	-32	93	50	-64	76	-79	-56	-43	-73	1	-57	38	-82	-39	-90	-94	-46	75	95	-59	-11	8	-10	-75	22	-19	61	-91	83	-82	-17	0	-16	-12	67	-36	-66	-49	48	64	-6	3	-93	15	77	-55	26	-62	-83	6	-50	-85	39	44	12	-10	45	-37	60	19	-54	-36	-34	
75	76	-72	-28	94	45	6	0	27	-82	-39	21	-36	-85	8	74	-41	21	29	23	-68	-66	-29	-43	-67	73	-24	-18	74	84	-27	-70	61	-33	92	-17	-29	35	-54	-67	-8	29	39	93	-54	48	88	49	62	43	96	15	-49	36	-33	77	-48	26	-57	-53	2	-93	24	44	82	-94	0	55	-16	5	0	-94	93	-88	45	62	-46	41	55	58	-77	15	-65	31	-14	-82	70	15	2	66	-96	-98	88	65	81	-32	79	87	-70	-30	58	3	-94	-44	-25	47	91	15	40	75	8	-79	7	85	89	-17	-32	-29	90	26	88	88	-22	10	89	36	-45	-37	
-39	-81	-42	-28	71	5	35	81	9	54	-29	-46	2	20	55	-51	-32	-74	34	4	64	71	-93	-26	-25	85	-97	77	19	-98	7	20	-33	17	53	-25	-83	-21	-52	30	80	36	-99	-80	-63	-96	-79	-61	-67	-84	4	90	-9	15	64	-90	12	-26	-93	-34	37	-79	-3	-33	23	91	78	66	97	0	-78	-58	-69	-54	42	23	-24	0	94	98	2	-96	-26	-19	95	37	61	64	-31	-97	-59	57	22	63	90	-38	54	-24	49	56	-66	-18	-89	63	-53	-51	-33	48	18	-76	76	-5	2	62	77	96	13	-75	-49	-79	-3	-19	91	43	-82	-21	-87	88	
-8	40	73	-84	-56	45	-2	60	7	-41	98	-59	-57	-90	-59	85	32	-56	-66	-96	52	80	-66	12	-23	75	-91	-5	66	96	25	96	-58	67	-97	51	5	56	75	-48	27	-71	-57	-70	-71	-53	-47	58	6	86	-89	5	21	18	34	47	90	-31	95	28	67	-67	35	-76	-51	-97	-4	-87	-16	-27	-25	16	93	19	1	-12	33	-39	5	-62	-81	0	-14	-64	98	37	17	94	-52	4	-65	-74	47	-71	80	12	97	-99	53	46	6	-26	-88	87	86	-46	-11	-2	37	63	59	-83	-40	72	98	-96	-6	80	95	88	-62	37	-59	-84	65	-18	26	33	
35	12	76	90	-83	-30	-42	-64	56	30	-93	64	-65	35	-87	-10	78	-60	-84	41	24	-50	-93	-23	19	17	71	-24	67	-31	-84	-33	17	72	-47	72	-89	42	40	-85	-22	25	88	33	-64	-66	58	62	92	80	1	-14	-75	-25	-21	80	17	40	10	-64	-42	-75	81	80	-24	16	13	20	87	9	12	8	46	-38	-74	-82	37	-69	47	96	-9	1	95	64	22	-48	-62	-15	5	-68	-60	48	8	19	66	-30	80	99	56	62	-88	-17	19	-62	-90	-56	32	-3	22	99	-90	-17	-13	-50	-83	53	-75	-25	7	-70	21	0	-84	-98	79	99	-27	44	
-36	67	-58	42	94	-31	-6	0	-81	33	8	75	28	-9	43	-53	-51	3	-92	-47	-65	-88	-80	3	-93	78	-67	-41	-81	-8	7	-60	-81	71	-14	11	-97	55	92	43	47	91	-79	-15	86	41	84	55	-69	42	45	-15	-9	-75	-81	91	-44	96	66	-40	34	-49	-86	-87	31	-91	-86	-74	81	-50	72	-43	76	-95	54	-47	-20	10	53	-15	-30	16	-65	-17	91	60	-12	-83	99	-35	-66	94	30	46	54	71	71	-58	77	86	46	-36	-7	-51	-51	60	20	-56	-60	-38	19	55	97	-79	-40	-99	-17	-1	-60	82	90	-32	98	-12	-95	28	-12	58	
49	-39	7	-80	27	52	85	2	-30	-37	-75	90	-4	-90	-54	-29	89	46	-60	25	-12	78	-65	25	-14	-27	68	65	87	-41	3	-98	-44	-41	74	-95	49	-36	5	13	-79	-13	-9	-21	-85	-42	-37	85	-36	37	-97	-49	57	-16	2	-86	73	-30	30	83	69	8	66	-92	-71	17	14	-19	-8	38	-69	45	28	-77	-30	77	86	-58	78	-10	-33	23	-51	75	-82	-22	42	-95	-94	-80	-85	24	-95	-27	37	-76	69	-22	45	-32	-15	-80	74	-80	51	-45	23	-59	-55	92	-28	15	23	70	-87	-49	12	-12	8	59	-58	96	25	-99	-46	-77	16	-23	
82	61	-99	-76	-91	2	33	58	-65	-72	-14	-27	-68	-34	49	-76	55	-53	99	-70	70	41	-34	-47	6	-94	95	32	-78	52	-76	59	18	37	-46	-60	81	72	53	-19	-42	-84	87	5	35	45	-90	-46	-73	-29	96	40	-43	-96	-35	-60	82	20	66	91	-87	17	44	-37	-51	42	-8	28	47	-51	-93	64	-9	0	66	28	79	-82	13	-46	-85	16	-70	48	-73	-56	-12	45	-9	48	-89	80	-26	45	81	-7	31	64	-72	75	64	-64	3	-49	7	91	30	-18	85	-99	-58	89	34	-42	69	-51	0	-62	-77	-20	-13	33	87	51	-70	-95	-9	69	
-41	1	-33	-49	20	90	-75	33	26	-36	-22	91	-42	73	75	-98	59	-31	-4	-78	-44	21	-83	64	25	-75	-93	45	-57	-43	65	0	-93	69	64	-21	-20	32	-52	-64	-49	-30	10	82	45	3	-18	87	-88	-60	8	-65	27	-83	93	10	-91	-89	67	-73	48	27	33	82	75	77	-76	-63	-91	36	-46	80	90	43	93	73	46	64	20	52	42	-83	-24	74	-97	52	-60	-84	-54	59	97	92	86	-74	-56	-53	-7	68	87	-99	5	-31	36	-68	-47	-41	13	39	94	-57	-43	52	51	-86	64	26	89	39	-76	-71	-40	20	-49	-56	77	50	75	-24	
-24	-68	-48	61	55	-66	13	60	-1	-62	-44	-50	83	-43	56	-89	29	20	56	18	-34	95	25	-56	-88	-81	36	54	36	-82	68	-72	-80	-27	-26	0	82	-64	-3	86	39	27	-3	99	83	-32	-4	-2	1	73	27	-43	20	70	-28	18	-28	46	80	74	-78	-67	15	-19	-51	-47	-17	40	-98	-65	19	97	29	34	-93	77	-67	-54	66	50	69	-95	-39	75	-98	67	-76	20	-12	19	-63	-76	-92	-64	-7	-27	63	-14	-63	40	34	-35	76	-20	10	93	39	55	52	94	85	-88	0	50	-96	81	-54	-45	71	18	8	58	80	-83	36	48	-2	21	
-42	70	66	-22	67	2	-85	24	31	-41	0	0	-53	10	-36	62	56	-18	-36	-47	59	-47	70	90	58	17	-7	-48	-18	19	-90	-86	-67	25	-48	59	-73	4	-82	-49	-77	-51	88	0	58	-66	-53	-99	-8	-76	48	15	46	-69	-17	-20	-88	34	-71	36	-6	30	6	-80	-57	22	43	30	61	-69	-69	-77	62	87	46	-15	29	63	30	1	3	96	-12	88	-78	4	0	-57	-92	-99	-19	-46	-15	35	-57	36	-59	-60	-11	97	10	-40	-34	76	-46	-69	-94	-66	-78	7	-90	-96	-28	74	9	84	25	82	-27	38	-86	91	-28	-43	-12	-93	-98	4	
