7
87	70	-40	17	0	85	-81	76	7	55	96	63	-48	74	99	-10	-42	-78	28	65	52	-4	-97	-39	-23	80	49	40	-63	-81	21	53	72	-49	26	85	70	69	-22	23	6	69	47	-4	28	77	-29	17	-13	57	85	22	84	-22	-51	56	1	-64	38	-63	-58	20	22	44	-55	26	49	96	92	-44	-69	-53	-29	23	-39	38	-30	-89	47	-39	39	-43	-18	26	-15	-59	-22	58	82	22	-71	23	-22	57	-1	24	66	-33	11	-51	-29	14	75	6	58	-83	-93	-83	74	37	41	20	-81	-96	65	23	10	50	62	46	90	3	-39	51	31	93	50	84	
-67	28	80	-80	-40	27	91	28	55	-17	-69	12	57	-78	-18	-43	43	23	26	65	-37	26	-69	-62	85	-23	52	59	92	-21	0	0	92	70	30	-90	-31	-1	70	77	-47	13	87	60	-10	-41	-3	5	17	-66	-14	20	24	-50	88	1	31	-86	40	-49	-85	-13	-84	-35	-46	-54	-10	10	-99	81	39	-75	2	-40	64	44	31	-89	76	-70	-79	86	-54	76	-8	40	45	69	81	41	50	-47	-43	50	-13	-97	0	-34	-32	-7	20	40	19	-16	71	49	-95	-7	85	-13	-29	43	93	35	-39	-18	-94	29	-67	-65	-55	-16	63	-44	33	-98	67	96	
22	-90	-26	-26	66	-33	-53	28	-64	63	-72	27	-65	19	71	-50	-99	60	-1	97	-93	57	-32	-8	34	-28	31	63	37	86	-2	7	28	78	5	-1	-9	45	48	94	-29	-41	81	13	40	-80	39	-48	-6	1	-6	61	65	61	64	0	-29	-10	99	81	27	-85	0	-86	-12	-69	94	37	-90	-77	5	-4	-71	-45	-89	-13	40	-35	36	-51	-61	-70	-3	67	-58	-52	-74	98	22	20	74	-80	36	58	36	-73	-82	54	56	-31	18	-30	43	89	76	-76	-47	68	23	-8	-36	-10	-30	-56	89	52	74	3	64	-82	-6	95	19	-89	90	6	-31	49	
84	-47	-44	-85	35	87	86	-43	-32	98	54	-45	-84	-75	20	29	82	83	-29	-45	61	67	-6	-92	-1	41	77	3	43	29	8	-72	88	17	28	85	0	-41	14	97	-23	-74	-77	-65	61	36	-6	-11	68	-67	-96	-89	-8	-6	15	-42	-42	90	-46	44	-3	28	-92	-59	-21	8	-82	-65	32	-64	-27	86	23	92	-37	-29	68	5	-49	-73	-42	-39	-36	-66	-28	16	37	-28	-36	33	-9	17	-24	42	-90	-48	2	-60	-44	-6	8	31	82	-9	31	-95	-61	70	-38	-63	80	-64	-98	-72	50	-18	58	-8	8	-62	64	-32	-73	63	-19	43	89	-34	
-31	34	89	43	2	39	21	3	62	11	42	50	53	12	-52	83	57	-20	-22	98	67	-40	43	26	82	-45	64	-37	-45	61	0	85	13	-8	-21	13	95	-29	48	-48	97	7	-92	31	-46	87	-40	-56	-29	42	22	-92	60	-8	-81	-42	1	-39	46	-83	-15	-91	-94	-62	-16	27	11	9	92	31	78	3	75	77	66	17	35	-41	61	6	11	-68	56	-45	-99	26	2	8	-24	-2	99	-28	80	16	-77	-71	59	11	-21	-68	-37	97	75	-20	-43	-94	-45	-29	96	71	-72	13	-86	99	85	-79	-13	-65	85	40	11	-23	-61	34	-2	-82	-52	-57	
-24	49	-75	-83	-56	-29	37	-23	-8	-57	3	79	-1	-79	-10	-96	-45	-48	74	13	-84	25	-63	-22	46	94	74	-6	35	34	-26	84	-76	95	-15	86	2	-21	63	42	-74	-63	9	76	-59	94	-93	8	62	-24	-64	-29	-73	-36	-97	50	14	-72	-34	21	63	-78	-98	-77	-42	-90	-64	-24	74	-78	-91	-47	93	-82	72	21	-22	-95	-90	-85	26	90	99	-81	80	50	40	29	69	13	18	80	39	65	-99	-14	-30	17	-23	7	61	27	-55	-87	-20	-17	39	-83	24	12	-3	49	-34	-15	-20	-13	-32	35	-49	63	-27	-59	81	49	44	80	-39	85	
0	83	74	-55	-41	-45	-17	-11	92	62	18	-30	24	13	-93	41	-50	18	25	35	16	61	41	-29	0	-59	-7	32	1	-99	-48	-43	-16	-27	87	13	-44	88	3	23	13	-73	25	-3	-55	24	94	5	81	5	-96	-24	96	-81	82	55	88	67	86	91	77	-48	-86	-87	-39	89	14	-31	-30	14	-17	12	-99	22	7	-31	84	60	85	-91	-91	63	-49	-68	-59	-45	4	86	-93	-93	-26	-37	7	33	-97	-21	60	-46	-83	-90	0	71	48	-12	17	42	33	58	33	-38	20	-22	-48	-90	-86	26	71	-44	-6	-62	-66	71	40	92	-21	55	94	-73	
-98	-78	48	-75	6	92	-80	-89	-14	-97	-42	79	-72	-8	16	-61	49	-2	-48	22	-1	68	72	-79	21	93	-19	78	-11	10	20	93	14	71	25	18	-11	12	-99	-22	21	-84	-91	-31	1	33	-16	42	-74	94	-11	30	54	58	-87	-25	99	0	24	97	77	98	-9	24	-58	-87	86	-93	12	45	84	59	84	-78	-43	-37	59	-65	-80	-4	60	12	60	39	9	76	-60	-80	47	-57	-87	-14	-82	-18	-70	-56	17	-81	26	55	62	-32	19	70	76	61	-22	-65	56	-22	-58	12	-47	-5	-19	13	-44	55	15	82	-53	58	72	-35	6	-10	-87	92	
68	13	-62	-68	76	21	-1	-34	-52	-33	-67	-56	-77	-42	-88	3	-36	-44	47	4	40	19	33	47	-50	61	0	43	-35	-46	24	-33	22	58	-94	96	92	28	-73	63	-60	92	-94	94	-26	-5	-94	-11	20	-37	36	-53	-1	-5	-62	-49	45	87	-29	20	-74	-58	16	-36	90	-3	-59	-6	-90	-86	32	27	-80	-16	48	69	15	95	-96	20	5	-65	-79	-76	-36	-74	1	-98	-72	-96	55	-47	45	54	-75	-80	-97	-97	22	-50	40	78	-30	-27	43	-27	-93	-21	17	-31	-1	-77	-62	-30	51	94	-58	-85	-1	-95	-40	46	48	-23	-98	62	70	-1	
-17	20	-65	12	39	-67	-14	-40	-36	91	-10	-3	72	60	9	-27	-49	-47	-14	41	61	49	23	-85	-32	-97	-94	2	-69	-62	80	9	-89	-96	20	-13	46	-61	4	-82	75	-30	31	-89	99	83	-44	-9	0	42	94	55	-70	15	15	15	-28	65	-31	-63	-9	62	38	39	28	-12	89	67	-87	38	-31	98	4	74	-69	-69	36	83	54	-18	-56	9	-1	-9	11	-43	5	6	-4	48	-22	55	49	-38	-62	-42	38	68	80	79	28	-85	64	47	-76	-46	-14	9	93	23	-55	77	17	36	-26	40	-39	41	-73	76	36	-52	81	-66	61	-33	-55	14	
-8	-74	66	41	-97	-65	23	24	-20	62	-37	-27	-69	67	71	54	-83	-65	99	-59	-41	-19	18	-28	-71	-92	70	59	-80	68	-11	-82	7	-48	-6	-55	-84	-64	-21	-45	34	-52	8	-96	-93	-91	43	-3	25	56	11	-31	-89	-54	40	6	40	31	74	-89	96	24	58	89	31	-15	-61	-90	94	17	48	14	34	90	25	29	12	12	33	-6	50	58	72	-18	98	-5	62	35	17	-58	57	15	44	92	32	-93	-24	-50	-53	15	-7	49	44	66	-14	55	-15	-45	1	41	40	19	39	-61	-89	-47	-1	66	-33	-58	13	-23	-87	-92	-58	-77	-69	-15	
70	4	57	-8	-99	7	62	85	-34	56	-29	65	-82	37	91	15	82	72	-22	-54	58	59	-83	96	-56	91	-53	72	-51	-43	-15	55	30	-92	-60	-78	64	91	-37	-16	44	79	-68	37	-66	13	-90	-34	-95	25	77	78	45	-40	-61	-28	-16	-7	-12	-3	-76	63	36	39	-27	-43	72	97	42	-51	-94	-14	40	-46	18	-34	69	65	98	40	21	82	56	62	-69	7	98	-77	42	-94	-28	59	-77	6	-29	52	-82	-96	66	41	-77	50	21	-17	54	-28	91	-31	64	47	35	48	86	-60	8	39	2	64	20	-39	-44	8	7	7	-80	69	57	37	
14	-47	-50	-11	27	76	8	-25	35	91	-76	-66	8	-72	5	61	58	-98	99	61	37	78	-4	-2	89	-35	48	-22	-41	-74	-55	69	49	-74	29	-79	-76	-63	62	24	15	69	-65	-71	-90	-56	38	63	45	-87	76	-92	77	85	25	-42	-73	-55	-8	-48	-76	-96	-29	-53	49	-52	-12	30	52	80	-29	-21	-38	-92	-6	45	44	49	53	4	0	-81	1	1	79	-86	7	-10	-35	96	94	-76	-87	-15	33	95	-28	97	-40	86	-83	-79	31	-40	95	7	-30	31	-14	10	18	-84	86	-27	83	-97	-37	-60	17	-86	90	-5	-29	42	-82	-94	-61	98	
63	-25	-42	64	50	99	78	-83	-31	-92	-24	8	-38	-11	-85	-51	39	-99	51	-13	40	-25	2	90	1	-98	-69	-37	-64	64	62	-2	44	-36	16	2	18	79	-40	-58	-57	-72	66	90	-61	-84	-70	-30	-39	-62	-71	-17	-96	-63	70	82	-30	-58	-15	31	-55	53	54	-91	-5	-54	22	-18	71	-59	55	73	96	85	84	88	85	64	80	85	61	-14	-62	-54	66	28	55	10	37	14	16	60	-48	93	-31	66	-70	-81	65	18	-49	-56	0	59	13	-10	-28	83	-46	58	-7	26	57	-61	-43	-5	78	-52	27	-19	84	74	-51	94	-38	79	28	74	
-65	-59	-68	-4	-25	-29	-67	49	30	68	-37	-83	-66	21	-71	-84	-84	-96	-60	-50	8	42	32	-83	19	-47	-18	-84	-96	-83	-54	-56	64	-42	-57	-14	76	-97	-52	22	84	-32	-52	-38	-22	-68	94	-18	-82	34	57	9	10	-45	39	86	-88	-77	-34	93	42	-89	-38	-46	-72	64	33	66	84	-6	-82	51	62	-15	-49	9	22	-79	59	85	57	65	26	34	-47	87	-36	-52	-19	-99	-28	-11	-7	-63	-15	2	1	16	-50	90	95	79	20	82	51	-60	89	82	14	67	97	-54	-36	78	-25	-36	98	-3	99	-61	66	-82	45	57	-14	-40	94	-14	
-69	-21	-13	18	-77	-33	-59	-79	68	86	30	24	-19	61	15	48	20	83	-31	96	24	37	-75	61	30	-8	-94	-9	-1	-79	98	-53	1	-3	39	93	32	50	-47	3	63	-94	48	24	26	-69	35	-46	12	20	0	-70	-97	-91	-84	-26	-58	-10	-75	59	-89	-29	3	64	76	-22	-3	-12	-65	48	-2	-53	98	-70	97	79	10	67	-36	33	21	-45	-52	28	-18	-22	-55	33	39	79	33	28	20	-60	79	-73	53	80	-33	26	-89	-71	-76	-97	60	57	36	-40	-84	-64	-98	68	13	-60	-61	-97	-86	94	-77	83	-21	82	-77	65	74	-29	-71	-75	
51	-30	25	-15	52	79	-5	-18	-54	87	-26	-44	-34	77	-24	42	-92	91	-4	-33	-20	89	26	-56	59	63	-96	-37	-86	-87	19	89	-54	-80	-39	18	78	88	-66	37	88	-62	13	66	66	65	-35	0	-38	51	98	40	80	-34	73	75	24	97	40	-92	69	-95	63	-45	-80	-31	-21	7	1	-51	-13	88	15	31	1	-66	81	-78	61	46	-23	-71	2	49	-72	81	78	27	-59	-52	-33	-86	-32	59	39	-86	87	62	40	96	-63	2	3	-38	-91	78	-9	91	-28	86	-60	85	33	-41	58	91	19	66	-79	-89	-95	-47	32	49	41	32	-11	-53	
-17	-74	35	1	-63	-30	72	16	-39	-27	-7	-85	67	-54	39	27	5	-37	-19	-47	58	28	-1	-54	-60	64	62	-20	-71	-60	33	-71	-93	-30	-51	98	-11	-96	74	5	37	6	-71	-81	-52	56	-81	-27	-40	90	-40	57	18	16	56	32	-42	45	-17	7	-20	-7	-44	-28	96	-80	59	-92	-42	75	29	96	97	-37	-20	-36	60	-94	81	-93	46	18	-10	-87	-70	55	-21	75	-45	85	8	58	-68	-25	-79	32	-43	35	-65	10	37	-87	-17	77	26	-80	-88	55	43	-11	51	52	97	-52	-61	-2	28	9	-55	60	53	-15	31	-51	-56	53	57	-6	
96	21	21	60	64	47	59	52	52	-11	-42	-14	76	58	-24	-91	-75	82	-87	50	63	-74	-9	91	-46	-49	-16	-39	83	-29	65	80	-85	90	-56	28	42	46	81	16	-44	-20	82	5	-8	73	-7	66	-20	70	-1	48	-5	46	-88	-18	-80	-44	49	28	88	35	11	-92	-62	9	65	-58	-56	-61	-18	28	-22	-61	26	-85	-47	-13	-26	-90	20	55	61	60	21	65	57	-90	-17	56	97	-61	14	-3	81	32	97	-91	4	31	-76	-68	41	-66	-15	-6	15	57	-42	25	57	-81	-48	-16	27	81	-95	-41	61	-99	33	40	76	34	-9	98	69	-73	
-3	-74	-89	86	58	25	-87	-47	33	-73	-37	-33	68	17	11	-7	-85	-97	90	-63	62	19	-65	74	57	-65	-7	97	-81	-65	-57	-11	-6	-69	-91	96	73	7	37	94	80	-93	-9	-67	-57	-35	-9	9	-6	16	-14	-54	80	79	94	16	-84	67	-4	83	-71	-28	68	-99	71	75	-80	-25	-43	-81	-81	17	-60	-58	-22	26	-16	77	47	-11	44	-55	69	-36	-89	54	68	-36	59	-92	-41	79	28	94	-86	-45	45	-59	86	78	65	46	8	-13	-82	54	76	84	42	-32	-41	-15	-83	52	-21	96	67	-72	-82	-96	-44	-91	35	-77	-58	62	92	37	
3	48	-76	12	-43	23	22	-89	-21	39	-60	-39	30	-22	31	-1	5	59	98	28	-60	-67	-23	53	-93	54	12	75	46	69	61	-64	24	-99	99	16	83	45	-95	-4	-42	41	3	2	66	79	46	45	-18	45	28	28	-48	-70	-24	32	-32	78	-95	37	-55	-93	-11	73	-39	99	32	-30	5	-24	27	-1	35	-99	-11	-95	-4	20	79	-97	-64	-89	27	76	72	-63	-62	64	47	-79	-4	-28	15	-28	94	-16	73	-54	76	33	-88	-53	16	99	-36	-25	-56	1	55	69	6	60	-94	83	49	24	17	-39	-98	-1	20	27	-85	0	-61	93	59	-2	
20	77	54	-59	-82	-62	89	18	94	38	29	-23	61	-61	22	-26	53	12	8	-35	21	-22	13	20	-90	-91	-49	-62	-83	-35	91	-48	-69	56	35	68	-89	-19	83	-13	-2	46	-71	-66	84	-64	66	24	-29	65	24	26	75	19	-89	37	89	-94	-43	-70	13	-8	0	67	-65	46	-17	54	22	8	57	-54	-32	62	61	-55	20	-58	0	1	-62	-58	-24	-29	37	-9	86	-97	64	93	44	-3	-64	-36	-44	-81	90	-90	3	-65	-8	-91	-90	-12	-99	-31	-59	60	0	-40	87	55	13	-95	-17	13	-39	24	-44	87	-46	91	-56	81	49	-5	-94	65	
-58	80	25	-4	-49	97	-17	40	-54	-21	-36	23	75	73	-41	81	50	30	6	91	-15	-52	-24	0	28	-45	-27	-1	-49	75	-12	94	21	90	-12	34	-74	64	-83	81	-41	-28	47	-26	4	-39	-10	31	-11	11	8	-54	-36	85	86	82	-97	-99	92	-41	-79	64	-66	24	74	-4	85	68	-77	-92	-25	-95	89	19	-24	29	92	44	45	40	8	53	-4	66	-80	1	37	-79	-96	-11	-10	24	-37	18	-93	-6	-55	47	-86	-45	-76	23	-47	43	-53	64	-98	-70	-60	-23	99	-8	41	18	73	-45	-13	67	23	-4	-69	-91	-60	8	54	79	12	-12	
-98	-85	97	-26	51	-23	-8	-2	0	50	-8	-86	93	68	-56	-63	62	78	-32	21	50	-10	-77	40	-58	-42	0	81	45	3	-33	60	-67	6	95	39	24	55	-13	-83	38	42	54	84	28	57	6	8	-7	-29	-46	-51	69	-76	7	58	84	-36	28	42	60	-70	20	44	45	34	93	-66	-48	96	53	1	8	-28	-62	97	-25	93	47	-76	-14	88	0	-21	-96	56	25	38	-98	25	92	36	91	-14	23	34	-53	97	-76	-6	-88	25	-71	2	-86	30	-51	-48	52	84	-6	64	41	69	84	-94	37	-90	-39	-29	-72	5	30	-17	20	-57	-72	42	
35	82	-38	44	-52	35	-30	17	-28	26	-32	-93	49	83	25	-86	88	-84	-1	53	-66	-97	-56	99	-41	96	26	29	-92	1	89	82	-60	-3	-98	-67	-96	12	-31	-90	-42	-1	-75	-47	-95	-37	88	-14	37	10	-26	-51	-94	27	28	-53	-55	42	37	-3	-90	-68	-12	26	0	-37	-19	52	-52	-95	-1	54	-7	-92	38	-28	-87	6	-79	1	-73	-9	26	10	93	63	-5	-4	-66	-8	-43	-32	-33	-82	23	-43	-73	41	13	82	-8	54	-68	-30	-58	91	75	-35	66	24	52	89	-71	-29	33	95	61	59	11	16	27	-22	-34	-14	-27	-41	9	-57	
-65	21	-2	92	70	97	40	-51	72	-74	83	59	-31	43	-35	25	-91	0	-15	60	48	-66	74	-60	95	-5	-28	41	-68	-4	-37	-5	76	25	53	28	47	94	-16	20	93	94	93	85	72	17	-71	-41	-31	43	-55	-90	-19	76	-91	-51	25	-58	84	-31	84	-69	-23	8	80	-96	-75	-42	-23	-82	18	98	-82	-61	51	-75	-94	96	-7	28	-59	75	-63	-29	40	0	-48	-2	-7	-49	-13	98	-68	28	2	-15	-85	-97	-12	34	-90	-64	-37	-21	-86	6	46	-58	51	-42	48	16	99	-34	-91	17	59	-24	99	-44	-19	37	-7	31	87	65	82	-20	
-98	98	79	-75	48	86	0	37	32	-36	71	-51	-45	45	1	13	76	92	26	-93	70	-26	61	89	38	85	-49	-71	-56	73	38	-60	50	21	-72	55	97	-65	97	3	84	49	-29	-79	93	47	-44	-97	-65	23	36	32	-64	95	-57	49	-91	79	-22	63	-15	98	22	6	17	77	12	90	11	-38	88	14	89	-4	55	31	-30	-82	-29	92	70	-4	30	-11	-84	-62	-93	56	-73	99	-80	-52	-64	-66	-75	97	27	-83	0	4	-49	-61	47	-77	-30	-49	11	24	-40	25	-1	-16	76	-90	-94	65	13	-38	44	-32	-44	36	-87	34	-55	-46	-34	-88	
62	-91	-77	-4	-35	-2	57	6	69	-60	7	-88	-7	22	97	4	94	19	51	66	-65	71	55	-80	24	-37	88	46	59	-40	-84	-19	39	53	14	-82	40	59	82	76	32	-91	38	71	-10	-58	56	-76	-68	43	1	15	-82	-93	65	-23	-34	-22	-56	-73	6	-65	61	14	23	64	86	-70	5	85	-84	-21	79	42	-89	5	-51	-62	-64	94	-86	-64	42	93	-2	22	90	57	-91	-56	-20	28	-32	-36	-18	-36	-44	-29	-39	-38	-52	-81	-8	16	-90	-31	86	86	-53	-19	56	-32	8	39	35	41	-41	86	-13	52	-74	70	-47	84	82	-29	11	42	
75	-70	-62	-2	-38	57	-90	-59	46	81	37	98	21	-9	89	-55	85	26	-93	-3	20	-35	-71	31	-75	-62	30	83	-40	35	-44	45	-71	28	-56	49	-93	-91	-83	-85	35	75	-12	68	51	34	-97	-76	-8	-85	-88	93	23	-1	-59	-68	38	-63	54	55	-38	4	-26	-8	88	50	-32	62	-81	-65	2	-39	-81	95	-38	-44	-44	-16	-84	-4	21	1	-3	-12	32	-28	15	-79	-74	-35	76	40	-83	43	-36	-39	7	-15	-9	46	-9	-27	-94	-24	80	80	-94	30	33	96	-73	-31	81	-42	-79	-83	-15	69	21	77	9	62	-33	-33	70	88	17	-28	
-70	92	11	-94	42	35	-8	16	73	-73	-23	25	87	41	36	59	-91	-60	-31	80	69	-36	31	-99	-84	15	-30	-53	-57	79	-15	-4	42	-61	23	99	-9	-75	-93	49	-99	36	8	51	-87	-62	21	61	-36	41	15	-56	81	-69	-10	3	34	-42	-85	-11	80	27	-92	-17	-14	92	-51	-58	32	-58	49	55	5	-29	-47	-14	13	-81	-85	38	-9	-33	79	97	22	9	-73	-6	65	20	-75	-93	-80	98	25	-17	-67	-50	93	13	-7	-38	-38	-10	-79	-69	-20	-94	40	18	82	3	-89	0	53	-1	88	-44	-83	-82	40	68	-17	-13	59	27	70	95	
37	-45	-60	-7	37	-75	10	-34	-61	-11	69	-40	-8	22	51	-42	-64	-34	86	-25	-45	96	61	-57	89	-5	98	-39	65	-89	-82	-8	72	-22	36	34	3	40	-18	91	-71	18	46	79	74	-32	-5	54	-87	-39	-28	9	-61	48	0	90	-88	-44	69	50	-96	51	78	-34	-34	-94	52	93	-5	96	-34	-28	-47	-61	48	-12	97	50	-21	45	62	-17	-95	-31	56	-58	-66	65	-63	81	89	-59	61	-13	98	-37	-50	27	-20	98	-38	-19	-46	69	-62	72	-48	89	93	43	-14	-4	90	-62	-93	87	68	-39	-43	-76	-63	9	84	-72	54	-73	99	84	
-12	-99	6	-93	46	93	93	-47	21	-19	8	-36	58	82	-39	98	-13	13	89	98	92	28	-12	94	85	91	57	55	89	-77	55	-35	77	-40	-8	-53	-81	89	58	78	-49	-88	49	-25	-84	18	-30	60	-55	26	42	15	-61	68	-40	66	-68	-47	-1	8	79	77	81	-68	-41	51	-26	10	-22	-59	28	3	-32	19	27	-71	-54	19	89	-75	-86	-17	96	99	-57	85	88	-86	43	-5	-33	80	28	27	-39	99	-85	37	-43	-4	-51	90	-31	-11	-82	49	45	6	81	-43	-92	97	-11	-10	26	59	5	-68	77	14	48	78	45	-70	22	-98	60	43	
-81	29	-69	-37	41	14	-85	82	44	78	-50	-67	14	-91	-12	49	-88	52	71	-35	95	-35	-82	-17	83	67	-95	9	-3	87	-35	60	-67	-85	-54	2	-26	-85	-60	86	97	-80	43	-6	42	13	30	4	37	87	66	-44	31	52	-31	-90	-95	-77	12	-36	28	-35	74	7	-33	55	88	43	81	-67	37	-45	-28	-22	-57	98	11	96	24	96	2	-8	3	-13	-98	48	38	-19	19	-62	-3	-62	-45	99	-65	27	51	-61	39	42	7	25	-88	-15	90	36	-89	-60	60	-4	59	45	18	69	-34	47	-7	39	-20	-55	-84	56	-42	8	-27	81	-47	2	
37	75	-87	-13	-98	-42	10	-81	93	-20	-5	-43	-44	75	54	-8	53	-15	-9	87	84	30	82	-89	0	64	41	41	35	28	46	33	72	-92	77	-93	12	-9	-34	-22	-60	43	97	-39	54	-74	56	4	-56	-63	-79	0	32	-89	-11	5	-2	-25	-37	88	-83	-96	-22	-21	0	16	-44	-22	29	95	-27	-64	52	-86	-57	85	37	85	-85	41	-42	-16	-78	-15	-2	53	14	-63	63	-60	-24	65	-83	24	8	-58	75	-41	-65	18	70	-1	-40	54	14	-76	65	-3	96	-69	-44	-11	-7	-78	-12	-44	19	70	-61	67	39	-65	-40	-5	-47	-45	-6	64	
-12	-38	-42	10	-79	-76	56	-68	38	52	6	67	-36	-97	72	-60	-59	12	-32	66	6	3	38	11	9	60	25	72	-44	-7	83	53	17	96	92	-12	-58	-13	-91	-77	40	19	-17	30	14	29	-57	-44	52	-76	-8	-94	-60	-14	-84	-56	-29	-93	20	-59	13	-35	-23	96	-73	71	-65	99	78	-29	-9	91	-66	-89	60	24	90	95	91	-41	-16	97	-82	-58	-14	27	-78	-14	-6	-82	-5	43	-17	12	82	-77	70	-31	75	17	-81	65	66	-55	87	-43	-95	91	-77	78	9	9	-34	-88	81	3	-53	74	-52	47	-19	36	81	-84	-31	21	-69	-76	
-74	66	21	-22	90	-97	79	-33	87	-17	97	-30	15	25	-33	89	66	-15	76	-14	-86	60	-9	-20	15	-17	91	-97	-51	-91	-76	44	39	-83	0	82	61	-8	-89	-19	-66	21	-35	-67	40	23	43	12	82	-51	96	-21	-28	80	58	-74	87	85	65	61	-16	26	-55	94	37	-72	83	44	-27	-33	28	14	-6	42	-57	80	92	-84	97	89	28	21	7	-75	-93	24	67	93	95	-96	-43	-77	83	88	44	20	39	-36	10	36	71	-29	-52	15	9	51	-40	41	45	-8	-58	67	73	99	-19	-39	-97	33	-94	0	60	-60	35	-27	-34	74	16	-42	
-97	-25	-30	6	36	-80	-40	-38	-35	-4	52	-2	19	-31	-70	78	68	-83	-20	-77	33	39	41	-25	27	50	-13	-70	33	-72	-79	71	58	-49	-49	-38	87	-8	58	-8	-19	-69	63	-16	45	0	-43	76	83	-31	-56	18	-51	-76	-64	48	95	-67	9	-6	76	-82	-83	-73	40	-50	-27	-43	47	88	-8	98	6	13	4	73	78	53	-70	-31	31	-58	54	41	25	16	-18	-88	35	43	-72	20	75	16	-52	7	33	46	71	-40	-68	-33	74	14	26	-1	25	1	-47	50	-70	86	-27	-43	71	-50	92	-30	8	-80	2	-33	-54	33	4	-4	93	30	
75	23	-8	-39	9	-71	66	52	84	-1	-72	-44	-21	3	91	88	10	-66	37	71	-78	65	45	18	55	19	57	-7	-12	45	47	22	-49	-28	97	-85	-41	-73	72	67	-62	58	50	-49	80	69	-80	37	32	-68	64	10	8	-95	-26	-11	48	-59	-86	-64	-7	-46	78	-21	52	-44	-47	25	-89	39	-34	-55	-71	33	75	-28	-83	22	-13	76	-37	-85	-27	-91	-34	-84	32	2	6	17	37	-15	-23	-34	-38	53	-82	12	0	-30	-38	-2	-5	78	44	96	-92	53	6	-3	-49	-19	94	-45	87	80	-93	99	90	-66	24	-67	27	35	-60	-77	-94	-94	
80	86	-19	-48	52	67	-77	81	49	-70	22	-9	-96	-44	-86	-35	82	89	92	-17	37	-91	23	-15	26	-48	95	34	99	33	-69	56	42	-4	-35	-82	-63	-86	51	58	-91	-29	67	-29	-94	-3	35	19	-57	-15	50	68	-23	-51	59	-55	-19	-88	4	-4	36	66	-71	-52	62	-24	-16	-29	-98	18	-41	-8	-62	-46	-70	-17	61	-29	21	12	0	-99	-80	-8	8	36	-53	9	96	-34	9	24	38	-7	-86	-47	60	55	75	-71	42	33	55	-63	2	-70	4	-87	-52	6	-70	29	-1	-24	52	-60	-7	-90	41	18	6	-59	-88	-4	45	31	65	-98	
-49	94	74	48	-53	-47	-95	41	55	15	99	-35	82	64	-32	17	-89	87	71	-96	25	-22	9	-25	-16	-11	11	-16	-66	-45	95	-35	-31	-99	9	-78	-38	-58	67	-16	-27	56	-27	37	-53	-95	-1	-84	57	-86	-30	-53	68	-68	51	-76	-65	-21	-56	89	-45	-61	18	31	80	-42	34	-31	10	94	-88	92	6	49	-76	76	-74	71	-87	-20	-72	-82	13	-64	17	89	33	-11	-99	55	51	48	21	22	74	-81	9	8	-77	-99	-83	51	-22	9	-27	-48	-99	55	-67	34	73	-91	78	57	-24	53	97	28	23	-92	-5	32	-40	30	-70	53	-31	29	
96	-69	-95	-79	-83	15	49	9	-51	12	-34	-51	-10	99	0	-54	67	20	-2	59	12	44	-34	-68	0	-29	-26	-38	36	33	-17	37	-67	52	62	-7	38	87	-57	63	-88	43	77	7	70	-54	-33	-25	54	-22	40	42	32	-56	37	-99	15	-45	-76	10	-97	-87	-60	-83	41	82	-34	-64	-58	8	-43	25	-55	7	79	-82	34	-59	-33	-13	99	60	-24	-3	-97	-33	76	3	33	-66	80	-93	-22	-13	-98	34	-73	34	71	-83	5	12	-28	16	31	78	36	-78	27	18	69	-74	-99	-92	1	42	44	-40	23	-86	-44	-17	39	-42	38	43	14	2	
-29	-88	-73	-89	-37	-42	-91	18	-96	67	83	-5	-70	-33	17	-2	-85	29	-24	-29	0	74	52	-26	81	-88	55	90	-46	14	-63	62	62	-60	9	0	60	-1	-20	65	25	-69	-50	-10	-36	60	-96	-52	-65	-96	53	-36	-24	-30	70	49	-52	80	-78	-99	70	-18	-37	-28	-35	-29	73	6	7	45	-84	77	13	40	51	62	-55	-43	54	47	-47	82	-93	22	-25	-30	14	99	16	23	34	92	69	86	58	-65	61	-31	35	7	-25	-75	-97	-19	-17	85	-31	-45	65	-24	64	34	88	83	22	-36	81	-40	89	-96	-6	10	12	90	-38	-5	59	31	
-60	70	57	-35	74	-21	86	-22	-99	34	-91	93	-94	83	-94	0	-81	-89	-33	-81	-51	-72	-71	86	-31	-86	96	-4	34	-95	6	34	-70	77	-52	-63	12	-46	-82	59	5	39	29	96	83	43	91	28	5	-68	-68	-14	-67	68	96	18	-25	-7	53	-69	-50	77	41	6	15	57	7	-67	-35	80	-63	-89	-8	-42	55	50	-75	99	37	-68	80	39	48	18	-95	-70	48	47	59	-71	57	-20	53	53	76	99	98	-48	-98	85	-16	3	-19	74	96	93	18	-37	84	67	-16	22	-57	17	41	52	-63	-74	-10	-13	45	-11	24	40	44	-22	-25	27	
18	42	0	17	3	49	92	24	22	-5	88	-59	52	-93	-77	-13	17	7	-2	84	-20	-23	49	53	34	21	56	7	-14	-91	-25	-92	11	-64	-76	-71	-86	12	93	-10	-28	55	-17	46	67	-27	93	-86	-23	70	-51	99	88	-25	80	66	23	-94	-87	-76	29	-98	27	-78	35	-53	-43	28	67	17	92	-56	-60	-8	-94	54	40	97	-38	21	-77	-64	-78	55	49	44	60	9	-3	-21	54	-73	32	-65	-51	0	-12	-52	8	87	-84	50	-85	-70	82	-90	-70	35	-91	-77	91	74	-93	46	37	-62	69	-71	25	47	84	-95	-5	-61	83	-42	-68	-29	
46	-67	-13	-10	95	-89	-74	-79	-25	64	-57	-31	-17	18	42	51	27	-77	53	-22	72	-72	99	4	-29	-12	46	82	-21	-53	0	57	-27	-19	25	84	-5	-43	11	85	19	-31	-93	-81	-66	-82	43	-97	-25	-55	10	99	0	75	45	56	-58	83	-6	-70	-51	-95	-44	16	13	24	15	42	22	30	78	84	79	44	-84	61	-71	81	1	-88	-73	-41	40	-59	52	81	-80	72	-33	0	-35	-4	70	25	87	-89	-78	-52	65	-84	4	53	83	48	45	-86	63	90	80	61	-81	27	33	-33	94	20	34	-36	-2	-87	37	-32	68	38	42	16	-1	-38	
79	-37	88	25	35	93	-49	37	-5	-39	45	75	76	-15	39	64	25	45	-63	-88	83	-87	65	71	47	-49	-40	31	-19	47	0	30	17	-90	97	-82	16	-16	-98	5	-51	89	30	60	19	60	-71	-48	69	-24	-22	-50	79	-72	59	-75	83	53	-90	67	25	-81	74	88	-72	-62	-22	-37	83	-84	39	-4	-28	-88	28	80	86	-54	-94	56	-59	13	-34	-35	12	64	83	25	31	82	-72	64	-75	23	65	-88	-49	-57	56	-6	-16	23	91	-63	14	85	-7	-50	72	51	-5	-61	46	-42	-64	-23	-71	-32	47	-89	-40	53	76	29	-28	38	-24	-40	
-71	25	-83	-19	98	-68	46	-60	84	-33	-68	-13	-99	34	-56	98	60	66	75	49	-37	71	79	22	48	-28	74	17	97	48	-29	32	-21	-85	-88	22	56	-12	-29	51	94	-46	73	-93	18	76	-40	88	11	62	-12	-28	-29	-8	-27	88	-43	-41	-1	91	79	70	-79	-85	88	-93	83	-72	14	27	45	-14	53	-9	-93	-77	71	-96	61	93	-32	1	-60	-83	-7	-67	77	-44	40	36	5	-9	16	-79	-90	-79	62	-89	7	-48	35	70	-48	-95	-68	73	1	-54	88	48	57	53	60	94	-20	33	10	-72	-18	-47	-4	63	55	-23	2	27	-51	31	
27	31	-71	7	20	-92	99	76	63	9	-9	15	-8	23	-74	-22	31	-53	-70	-36	-92	80	-19	-95	-99	-53	-92	-72	14	11	-1	-95	-91	38	-61	51	6	96	39	12	99	-99	86	-44	-70	93	-94	59	-89	-99	-76	55	86	60	-47	-68	-90	-42	43	-80	-47	89	14	30	99	5	-84	-10	16	99	-47	13	-88	17	-95	-97	76	-87	36	46	51	14	16	-9	0	51	-28	-37	-24	0	8	-65	-36	-27	74	11	-28	-12	3	32	33	-50	0	-82	-46	-96	32	-91	-18	-93	-95	69	30	24	-6	36	92	-5	-78	-20	-22	-31	-82	-75	-44	44	24	66	
-46	-40	99	43	68	-35	89	23	-76	-18	80	-62	-13	15	19	44	24	69	-66	-66	65	-84	60	-70	-65	98	-33	-21	-18	35	-70	-6	17	21	92	21	40	-16	-17	-41	78	80	4	-61	-90	-16	-28	10	50	-80	18	-51	59	-62	5	10	-47	46	44	-29	56	-50	-68	-82	-91	12	16	71	83	-55	41	-72	-60	-43	-78	-42	-70	-70	-4	60	-67	56	35	-62	64	59	86	-93	-1	2	-13	65	-88	-73	40	39	5	-42	-26	63	-77	-96	-57	-62	30	42	61	-26	47	-46	-84	47	-33	-86	98	-3	75	-92	-41	-94	-71	67	-96	87	97	-83	71	27	
73	17	-66	51	71	77	-50	89	-60	-6	54	-4	79	-90	22	59	-35	71	-48	-47	-66	-89	0	89	-86	21	93	-49	17	27	-8	87	-63	97	-32	-87	-20	18	-6	34	56	38	85	-74	26	-93	-87	-30	42	18	23	25	-34	-68	-4	-85	62	13	10	-1	-40	-75	79	34	-84	48	-62	-54	22	-88	-29	90	1	-42	43	52	42	15	-84	-94	6	-31	-69	64	13	-69	83	-38	-14	48	28	-45	-80	95	66	89	84	41	-59	-48	63	-66	-80	82	37	8	84	-87	-70	-33	23	-9	96	17	-9	-79	87	-22	-2	19	87	8	33	40	29	-91	48	-64	
-4	51	-52	89	28	-63	-71	25	10	34	-28	50	48	-13	-94	-45	-12	-63	-31	55	19	93	-53	2	-3	10	-63	92	54	-11	-83	99	-57	-11	67	-99	-90	29	14	11	20	52	-86	-98	49	92	70	32	-6	15	-67	11	62	-4	76	-97	41	83	45	-71	43	31	-59	40	64	90	25	40	-98	67	-64	23	65	-84	88	56	-22	96	-56	-50	-95	-3	46	-59	-91	71	42	12	-54	-21	-55	-78	-70	-15	-63	-98	58	-83	-48	53	-21	47	19	27	-60	68	-30	-97	72	30	-79	98	81	46	75	-21	-23	64	79	20	-91	-7	-38	74	21	-50	-85	90	
-33	48	87	-57	41	57	-64	-64	18	78	-80	72	-9	54	-75	-14	-84	69	36	33	0	50	21	73	38	0	-7	72	-99	-12	-74	-34	-92	-33	-83	58	-9	-52	75	-74	-80	-84	-51	-57	86	-76	-99	70	66	72	-22	89	90	-18	-71	32	-70	91	-77	71	69	-24	-10	-64	-50	-82	70	-59	64	30	-21	-91	-83	-13	83	-23	36	-25	94	-27	77	72	80	-11	-61	-36	56	26	-61	-99	81	53	-22	-64	19	-16	-52	-47	-24	80	-4	71	-95	4	-42	57	-31	92	-40	74	-99	59	-83	87	-21	96	88	-38	17	45	-99	-86	65	87	87	17	-56	42	
-39	-50	-50	-85	-65	74	19	-46	74	52	12	48	53	38	46	4	-11	45	-52	51	-58	52	97	99	32	-14	95	-95	-80	-61	67	-63	-71	91	-95	92	20	-35	-96	-41	-90	24	71	85	-5	-30	63	-2	6	57	88	-6	46	-78	-80	-22	-28	7	-70	54	-90	0	-30	-39	0	-41	49	0	93	90	51	95	-63	82	-46	-61	73	41	-67	43	-28	59	-87	-25	-91	-57	-81	-73	6	-78	43	-40	4	71	-13	95	-54	-19	-18	74	-12	3	-88	90	-35	99	-11	47	73	42	37	-28	96	-34	-96	-76	96	54	-60	80	16	26	-71	46	-45	-84	-30	-26	
-64	-92	-25	72	-52	-6	-22	-59	-70	69	64	90	-56	-95	-91	64	-86	19	29	85	70	-45	-34	-35	-94	-1	-72	-71	70	18	-93	20	42	95	-31	4	27	97	-6	-69	41	11	-15	45	1	-51	1	78	63	-19	5	-99	-25	46	33	-35	-38	91	-33	-43	-3	-81	17	-47	-84	78	42	25	78	2	39	37	-88	35	-16	7	-76	23	-51	78	-41	28	-86	-54	-77	-27	-97	98	96	-6	-63	83	-54	-84	-32	93	-71	60	-76	21	-74	-74	-64	-57	-5	-24	30	-59	17	42	-10	75	58	-90	2	-91	11	0	-89	-39	74	-66	74	40	73	44	19	68	
-7	15	-21	-89	-24	63	-48	-12	-69	78	-8	38	-53	-68	-54	53	-46	74	79	55	-53	20	-24	79	63	40	-80	56	-12	-58	64	-79	84	33	-17	-18	-58	-28	23	-27	17	61	97	82	-45	76	56	-23	-61	-7	96	-52	-15	-88	40	28	34	54	-58	92	-81	64	28	81	-95	19	65	-97	4	-23	52	-1	45	73	-95	-59	38	-65	-15	-7	-34	54	50	-84	89	98	14	32	58	63	-75	-30	97	-84	-94	-75	70	-32	-80	74	-27	15	75	53	-56	-87	90	98	-16	-4	26	43	60	-69	-43	-14	20	-15	-28	-81	-36	-68	-41	-18	-53	20	57	28	
-90	61	98	-55	8	-66	-39	-25	20	-6	-16	72	-2	0	60	-28	-31	36	69	-99	-14	-70	18	-34	-45	4	-69	30	-73	31	63	-35	1	27	15	5	97	35	23	-57	-62	81	90	54	45	48	-97	-7	7	-73	-14	4	6	78	13	1	-1	-10	-97	-7	-2	3	44	1	98	-78	-5	75	25	-44	92	-17	31	-38	44	-71	-5	49	-89	5	77	51	-69	-98	31	-85	-92	-18	-82	-52	53	76	54	60	27	83	-52	40	-65	-68	33	-24	-59	2	-50	-71	82	-67	76	-31	-49	61	5	-75	91	70	0	55	89	-5	-67	0	28	-89	98	12	39	-1	
-26	-70	71	99	-88	34	15	-21	68	-84	40	4	46	-38	42	86	67	-91	-50	-13	-96	19	39	97	14	7	-7	98	-33	95	-80	48	91	90	33	31	-55	44	-43	-54	-75	-17	78	40	7	90	69	-87	82	-53	-84	-97	-39	-87	36	92	59	98	-28	0	77	75	-82	-11	43	-80	-53	-20	24	-27	4	-27	81	53	-67	97	97	96	87	95	-76	-11	58	-26	42	-46	25	-62	-51	-67	22	67	90	50	23	60	73	33	-54	-17	65	-47	37	0	-29	58	-37	22	-41	-8	22	68	40	31	-65	95	-12	25	-56	41	98	41	29	66	-40	-39	43	-9	
-13	-83	-89	13	25	54	69	70	98	-54	-27	51	-94	-29	-50	26	79	-45	39	-73	50	97	-26	-38	-31	-4	64	-25	-50	0	-45	-67	-87	96	23	91	52	-96	-9	-54	30	-99	-18	-9	31	-20	88	52	-52	2	-21	53	35	-3	88	-36	20	17	-12	7	-87	71	19	55	75	-3	-55	-73	-57	38	37	-16	14	-49	-63	-73	-88	-82	19	-35	-46	-94	46	-96	47	53	14	-95	-6	7	-4	72	-25	-5	-43	95	83	95	-61	-37	31	45	-12	25	-36	40	-13	-86	70	38	87	-7	-75	-4	98	96	-36	78	-34	72	-88	64	-29	95	-45	-65	-71	-55	
78	34	4	10	25	94	-97	82	-82	91	0	63	-24	-78	4	-94	96	-63	-64	45	15	-52	9	-49	-85	-55	-31	83	50	-3	-98	-41	-83	47	-30	40	-36	61	79	37	55	-3	-63	-94	0	-24	99	-45	-74	-81	88	-54	66	22	78	-14	4	-72	-56	-38	-68	58	32	-54	99	-14	-9	16	-36	-24	50	0	8	-26	-43	76	79	31	42	-21	72	34	-56	-60	41	10	76	-49	-88	5	92	43	-68	38	11	5	95	69	93	-95	66	-29	68	-83	-7	88	21	-27	9	-53	-25	-55	-49	-23	-6	-81	-75	-19	-93	-52	-42	4	23	-5	-96	4	-68	93	
-36	-64	38	-67	-59	10	-88	-53	55	-45	40	63	61	-62	-31	-51	76	62	12	-81	67	77	-53	-37	40	-39	-38	21	-73	33	92	-77	52	35	-21	-89	-59	96	48	-73	-72	-73	-18	-14	30	-53	-84	43	-21	-6	99	-35	65	23	68	6	13	-3	77	-80	69	82	63	-94	-8	31	-47	-17	49	30	-42	10	-19	-43	35	-56	56	10	-16	-60	57	-35	57	-21	98	-75	-39	-51	4	54	18	48	-54	-50	-14	99	-53	-28	39	20	-52	81	86	-49	80	-85	70	-77	-91	-47	-42	-29	32	-10	10	-13	79	5	-32	-11	-14	-62	-30	61	-24	-83	6	-14	
74	66	-8	51	79	56	67	75	15	18	81	23	-87	72	-71	-35	-15	35	-34	14	-47	28	41	48	-40	-6	45	-79	88	29	42	9	-71	85	35	-74	-74	49	-5	24	64	-71	64	-46	-54	-68	45	-58	74	77	94	-95	53	-36	-43	7	95	-21	-82	-16	-96	85	14	-13	-90	-1	-41	-57	41	-56	57	96	46	-17	37	17	-70	-30	49	76	33	-27	-25	72	-29	55	96	-92	73	-75	-94	-48	-98	52	-74	90	5	86	-54	50	91	74	-61	-33	-79	-48	-52	-42	79	1	23	64	-13	64	-13	-54	23	-95	-99	22	41	57	71	-48	94	-7	-45	-51	
26	77	33	-95	-64	-45	71	-95	-42	-57	3	-20	-59	-72	4	-66	42	22	78	35	-60	59	-52	-47	-10	12	14	15	13	81	62	-99	42	-83	91	15	-51	86	84	-50	-41	60	47	-32	67	29	64	-38	50	79	-40	-96	-25	47	67	56	-64	68	95	-24	70	96	-82	41	-7	-78	71	-44	9	57	93	90	-81	68	-15	-95	46	-21	-77	65	-39	-37	71	-58	24	9	81	-74	10	95	39	63	-82	-18	51	-49	-79	0	-19	83	-77	-13	44	-25	-86	-83	11	-63	83	-58	17	-24	-97	-3	-86	-63	-30	-74	68	-84	-20	32	-67	-29	77	-37	50	47	
-90	-67	36	-92	11	97	18	-86	-1	-22	14	-23	-43	42	77	93	-39	48	-43	98	11	-86	-28	-68	-43	2	46	5	-41	34	37	90	-40	56	-83	-38	1	-24	49	-16	-39	54	48	26	7	12	40	-78	-45	-64	-93	-75	79	28	-96	-73	15	73	-87	-56	13	95	76	86	-60	2	56	-51	-28	17	-76	13	-70	10	38	55	40	-9	76	-41	49	93	72	45	-25	82	57	49	85	-36	78	-79	-46	38	-35	-11	75	-46	2	53	6	32	82	42	-93	43	73	-94	-63	47	-64	-39	15	40	29	96	32	-50	-14	85	26	31	56	23	-9	-22	-81	-14	
-99	-18	-3	15	99	-1	-61	73	-19	91	-33	47	37	-69	83	66	-41	-63	3	-31	-96	-68	-22	-49	-50	-17	-7	-31	-86	14	-35	-4	-69	-24	47	78	91	5	93	55	99	-31	-89	2	-14	97	49	-81	21	-94	-12	16	71	-69	-80	-60	1	38	58	-70	57	-26	73	-80	-65	15	99	-85	-56	39	82	-21	46	-27	0	-29	17	-20	66	36	27	-13	-86	53	-4	-36	95	22	68	98	99	-31	86	-10	-56	-36	50	-14	99	35	11	-93	-80	0	-69	-70	77	88	-8	67	97	1	56	87	83	-14	-98	53	28	32	-3	-66	-7	95	-5	-32	70	-1	
-1	-34	-67	-82	8	-49	92	34	-35	-27	-58	13	-89	17	-83	-37	63	-72	24	-48	94	21	30	34	-11	63	88	85	-75	-40	-25	-95	53	70	74	62	20	8	-42	20	-56	74	13	-26	66	50	49	-31	65	84	-24	64	-81	48	-67	28	-56	24	14	-61	-22	23	-9	-77	59	-70	-59	-81	7	-67	1	-1	-98	-79	29	44	53	-26	73	-41	17	-20	45	-69	-86	-30	-84	-50	62	98	-22	46	-61	-42	27	-70	46	73	-48	48	-82	-27	66	0	-6	71	92	8	-41	39	-37	65	-5	27	84	92	57	-33	-48	4	-36	88	-97	34	-51	-12	36	72	
20	-50	78	23	14	11	-95	22	-44	12	58	32	-73	50	-26	-6	-25	2	-51	-90	-87	-33	70	-17	-17	59	-81	-37	88	-15	61	-12	29	41	45	-51	-37	70	91	-77	21	-35	-29	56	63	-36	-96	-62	67	-59	-39	-48	-46	40	58	97	-54	34	-9	-57	66	-49	93	40	19	-25	-61	90	-44	-96	0	-86	-78	42	14	-59	-44	47	72	50	-39	-53	50	-8	-26	-1	50	-32	-11	67	-77	10	87	11	48	6	89	88	-54	-38	4	-10	30	82	21	70	-80	24	41	-30	-1	-29	47	34	-17	-38	-63	76	43	86	-12	-68	-89	-11	84	72	-81	-27	
71	34	-85	-11	72	-45	50	85	40	7	49	63	-12	-70	-90	26	-63	54	36	49	57	77	-78	-74	-67	-51	53	54	-3	63	-78	-58	2	91	-30	52	39	-99	43	-40	-7	-82	-59	-30	65	59	35	-85	-34	81	73	-56	62	82	33	-71	67	-5	42	92	80	-2	-24	6	68	28	-20	-6	-44	91	-67	-21	-67	64	-13	-68	63	-10	-11	99	3	25	63	9	-23	36	-66	77	-36	-43	2	-96	-34	6	74	77	-32	4	85	-55	17	3	1	-16	27	40	-75	99	94	-59	-62	-97	42	42	66	39	40	-66	-28	84	-98	88	-12	-86	45	-26	85	6	
-76	-58	-97	-77	45	84	-29	80	-44	-52	60	-66	-36	-18	-19	53	-25	-89	-62	16	-61	-32	-72	-70	-36	76	-13	-55	38	28	1	-4	93	5	63	-14	-74	-19	14	15	15	48	86	-83	32	34	-92	-12	36	45	-90	-28	10	63	-40	28	-73	36	35	88	-82	0	-16	-17	-33	-56	-74	40	83	14	-37	30	70	22	-38	24	-88	52	93	-9	31	-2	1	-47	50	-11	-55	51	61	34	-88	-24	-86	33	45	58	-60	-39	-7	-50	-99	-98	4	31	74	-16	75	43	-17	45	23	-96	15	98	-73	-33	62	-26	32	-35	-26	25	-45	-66	48	-81	66	-8	
-64	9	-58	9	77	91	96	-19	-31	-27	-16	42	-57	-37	53	-62	3	55	17	-86	-4	55	-5	-27	23	16	-1	-4	86	-38	-90	10	75	-59	34	86	75	-44	20	20	-78	34	99	94	-84	77	85	-72	5	53	81	-30	-85	89	98	0	-98	60	-25	-34	-38	89	3	-88	97	0	-84	86	9	26	-37	87	13	-84	-5	-52	34	-71	7	-50	-4	86	-85	-62	0	53	-67	-24	-92	23	30	45	69	-7	80	32	-60	78	-42	-43	-81	31	40	-33	-15	-34	84	15	0	81	31	18	-83	40	88	-20	31	-71	-59	-8	-65	72	74	-54	61	7	0	88	
73	-60	-64	-84	36	72	-63	-73	-75	81	37	75	22	-96	-60	-57	-65	-48	-2	-30	-91	-37	34	87	-61	-10	-4	-1	73	1	-82	71	28	81	55	-25	65	-5	-78	61	-60	-41	62	43	-40	-72	-6	74	19	70	19	-25	-62	-36	-22	83	22	-51	-68	-75	42	35	95	36	-68	94	5	-24	-2	-60	-10	-11	21	20	61	-1	-95	-5	49	-9	3	-9	27	28	46	-57	85	-41	36	47	-61	-53	-89	-50	-55	-60	-67	-19	55	75	88	10	54	-31	-16	39	31	-85	-7	62	0	73	-45	-62	92	-54	-22	-58	19	18	-24	65	-55	-27	90	-77	64	58	
-95	14	-9	-72	-36	60	23	42	41	-54	10	-62	-71	91	43	-49	73	-30	-35	66	84	78	-62	59	28	-3	47	-90	9	-9	-34	43	73	-42	-27	79	91	74	30	-8	51	-48	-33	-20	72	-47	-40	66	-15	-74	68	-57	63	65	-17	-3	89	-18	-93	17	-71	24	-54	29	50	-15	-8	82	-55	-68	74	44	-78	-90	4	-89	71	43	-7	98	27	-32	-89	-63	-62	-21	7	-4	-80	-10	1	-16	-69	-1	84	-90	-16	52	36	53	-99	39	44	-97	89	-12	10	18	89	60	-22	-37	72	-47	57	-59	31	15	-46	-51	-23	-82	45	-65	72	11	27	85	
42	60	38	60	22	97	-92	9	16	1	44	51	44	-12	16	-23	82	-62	-7	42	1	2	91	-61	-55	73	33	-68	-40	-54	30	-18	-65	-37	6	-5	-22	5	-23	-73	33	-82	-76	-96	-35	24	-32	29	-27	73	-97	45	90	-85	-69	-48	-9	69	85	-53	68	-37	-24	49	-85	-88	-4	54	37	-65	1	61	-48	0	-99	5	-87	71	-60	66	46	32	-41	-2	29	-88	80	-97	-83	13	-56	2	-12	7	98	74	-80	0	-96	3	-69	60	93	82	7	60	-18	-59	-40	7	-91	-88	-40	97	42	66	-93	-16	-88	15	98	-11	-42	-50	-40	73	44	-55	
1	25	-6	58	70	-89	77	6	32	-95	-91	57	-8	-14	-96	88	-27	45	6	-36	82	-39	82	87	66	41	-33	40	-33	45	76	30	99	40	-35	86	54	-29	74	-55	4	49	47	-82	95	-13	-12	-79	-75	-69	48	-80	84	-43	-30	-2	95	75	44	-27	84	68	89	-61	-19	-27	38	-74	68	37	16	37	47	58	-22	35	79	-56	3	-36	99	42	22	16	86	-94	96	18	-96	87	-66	78	-30	17	-3	-7	-69	-92	-71	39	13	64	-16	53	-62	84	-66	-26	-96	81	50	53	43	-67	-57	-75	91	-32	73	-25	29	17	71	44	39	70	18	13	
-73	-79	39	-1	98	-42	70	12	28	98	-76	-18	-72	-9	-16	4	55	-19	-42	28	57	17	42	30	62	-70	23	6	-81	38	-90	38	-77	-91	-82	-65	-95	71	-63	60	31	-63	-24	2	-38	-7	34	26	7	-87	-41	-34	86	26	-59	-26	-21	49	16	-7	-95	34	-63	44	-30	65	36	60	-8	-76	76	-14	49	95	-18	19	68	-46	66	-7	-75	67	27	38	17	-7	-22	44	37	-36	46	-73	-12	-50	63	-26	-33	-5	-25	48	11	89	29	56	-76	-75	-3	41	72	98	-53	-29	22	-99	79	-43	-6	-27	69	55	-31	-72	82	1	8	94	-76	-52	
59	-98	54	-32	77	-48	98	96	-85	-15	-37	75	20	-11	93	-46	18	-94	-90	-84	89	66	-36	-68	86	42	52	-69	-38	-72	-47	88	67	-89	61	26	-6	90	59	17	94	-21	-80	-22	-74	54	17	-86	78	42	0	42	17	-54	44	-25	-34	-89	88	-36	10	35	38	-63	0	7	-30	12	-35	75	41	69	-47	-93	26	-2	-72	-67	-11	-78	-40	17	88	18	-99	-54	47	-19	-86	-34	93	-52	27	-80	1	-54	49	13	4	60	-29	-47	-41	75	30	-91	98	46	-62	-68	-41	-58	46	-79	58	-6	57	16	72	-26	-5	30	-13	-33	7	-44	-23	91	
-77	72	-62	75	-83	18	87	-62	-67	-48	73	-12	-82	32	10	79	46	-23	-33	-31	-42	-28	-99	-74	-86	50	7	43	-19	-51	-3	69	-85	-61	95	38	-95	-23	-8	12	-24	-6	-25	25	-78	79	-6	35	-97	-13	-41	-33	70	30	-7	26	-5	-67	34	-79	-69	-98	11	-71	81	4	89	11	-46	90	-88	41	-1	28	1	52	-70	3	-87	-41	11	-43	34	64	-1	90	27	-35	40	67	74	-16	21	-77	-46	29	-15	-14	-83	-35	36	26	57	43	28	-42	82	-99	-82	-16	47	-90	-22	16	34	-42	-81	-38	33	39	44	15	-44	35	43	-7	97	56	
53	76	-28	62	-38	99	-33	-84	-24	-57	-66	47	95	-3	-56	-15	-37	1	62	27	-15	24	21	31	-9	17	84	89	-24	-24	56	42	-83	-63	-59	99	20	76	32	38	-99	73	-25	62	-58	81	-78	12	68	11	-17	-54	-86	-83	-89	-16	82	23	-3	56	76	-28	13	20	16	-61	94	-76	98	54	-33	80	11	-22	-41	-28	-20	24	-49	-67	-28	-4	-95	58	-91	37	35	-92	72	-65	97	84	-53	3	-57	25	2	63	13	-47	-85	-81	-53	71	-93	-91	33	-12	88	93	-41	86	99	-44	22	21	-27	-80	80	58	91	-16	-29	14	-99	-18	-78	-35	
53	94	23	-34	-70	-83	21	-24	-94	40	24	96	-15	15	-18	71	-81	-50	33	59	-3	54	-87	41	-74	-9	89	-73	-72	-97	90	66	-39	-80	57	76	-85	-90	12	-57	-13	-36	24	-58	-1	38	-77	-66	-77	-88	-37	-47	98	-46	-21	-48	-22	-41	97	-94	55	-93	-89	0	58	-53	-57	-22	90	18	25	97	-55	46	-38	55	25	30	-61	85	-23	19	-91	41	63	-44	30	-87	32	-43	-78	67	51	-22	-32	36	98	40	97	-74	-93	0	-12	-61	-77	18	7	-63	87	23	45	-26	66	-85	0	28	30	-21	-21	-90	-91	-58	98	8	58	-56	-94	0	
53	-77	49	-51	-86	78	7	-62	-81	48	-93	68	-92	-7	11	-99	-49	-22	-86	-82	98	84	-82	7	18	47	16	-66	-92	46	-85	-19	-26	-85	68	-37	32	-24	71	82	39	56	-48	-15	0	-95	11	-24	57	54	81	43	68	80	-3	-32	-95	49	-15	36	81	53	-46	35	91	-32	-85	38	-95	-97	84	44	22	74	-61	52	-42	-88	40	96	-16	56	-4	-11	-16	-2	89	31	92	0	16	-49	15	50	-64	-86	-75	38	40	-83	-9	-8	85	62	-97	83	-19	-75	73	89	-72	74	-22	30	-65	-71	-4	72	-23	-18	-1	-85	-38	-7	-38	-5	76	61	
95	-66	9	34	21	54	97	-17	27	23	-67	81	30	19	-18	-10	-28	26	17	3	24	88	34	72	60	-31	-77	37	51	-18	-41	88	-8	-59	-79	21	23	-77	66	71	-96	59	-15	-84	57	40	-35	-68	47	-74	41	34	8	-75	-12	-5	-1	-37	65	-86	76	-21	-59	-8	-21	85	33	80	82	-67	5	-6	89	-74	16	29	-92	57	44	-10	3	-81	66	-77	-20	94	-69	36	-95	65	-75	56	97	19	82	11	-76	-21	-5	94	-47	-7	92	75	5	2	39	-48	76	82	0	-44	-38	22	-68	25	-8	-84	75	-91	-4	-13	-57	84	-33	-44	64	-62	
11	97	-5	-99	6	18	-94	66	8	47	93	2	2	-13	92	68	64	-34	40	-88	-16	32	-68	-14	29	45	-44	-50	51	12	-90	98	-50	-29	18	-88	-75	-1	70	-72	-28	75	22	71	-92	-68	-68	-41	-50	-60	39	7	-73	-11	76	-48	5	81	0	-52	-41	78	-38	32	-42	-9	-45	1	-29	19	99	13	94	-88	52	90	-13	-58	-40	41	-35	-69	-23	-55	-38	13	-45	98	25	85	28	74	96	-45	-27	-71	-41	-47	-66	-20	33	-94	-63	70	79	70	83	53	-82	67	37	-24	83	-46	-77	-6	-3	-41	45	-7	-70	84	75	36	-87	-18	-95	-54	
-65	32	70	57	-39	-44	65	-61	81	-41	-86	17	-34	50	-30	-11	-57	43	-35	-57	55	-63	-56	-8	-73	98	-32	-84	-4	-99	-91	-34	58	31	-82	20	41	-9	-59	-88	-72	-95	6	-70	18	49	83	-13	-13	39	85	-36	46	28	-15	41	-7	91	72	-76	86	-3	-60	16	12	20	-19	28	-54	23	-77	-61	-5	49	70	-19	-54	30	-90	-40	6	52	-21	42	88	49	-34	1	66	-68	80	45	61	2	-26	-5	7	9	41	-56	69	47	19	-94	-4	-74	1	-19	47	17	-68	57	-84	56	69	-7	22	-93	8	-80	-1	-96	-26	20	41	50	12	-89	
77	-73	62	37	-36	-31	22	8	-65	30	-24	-16	-40	-27	-77	-52	14	-53	-6	-65	-72	-90	-7	70	-55	68	54	-97	55	50	-93	39	-80	-40	82	33	54	53	74	38	27	-12	-96	28	39	-36	-33	44	-68	52	41	10	60	-61	39	-19	-10	0	94	10	-60	69	74	11	49	98	0	-90	75	-99	-7	85	2	-76	-66	-81	36	24	16	-6	-50	-61	16	62	59	-58	32	-83	80	31	-49	-77	67	-49	40	-54	63	44	22	70	-20	-47	23	-39	-46	-55	-86	-34	38	-94	-94	73	19	88	-28	75	-91	-5	-57	-70	66	0	-10	-11	73	30	57	-76	
-25	69	-74	54	-67	-32	-4	28	-32	-28	18	94	-48	10	-32	33	-2	62	99	-94	-81	42	33	60	-55	-11	31	69	-81	88	70	74	76	2	-6	45	27	-76	14	-77	-77	96	45	-40	49	-96	-2	-45	7	57	-95	-4	42	-34	70	78	-3	-56	44	31	78	-65	-97	11	-57	74	23	27	-12	-73	-77	81	-78	-81	-87	68	39	97	-44	46	-77	-58	-51	17	-52	49	46	62	-73	-99	8	-77	-5	89	83	-54	7	16	55	78	-27	-88	63	-51	-47	48	22	55	-51	-28	-31	50	-99	-2	-51	13	-60	53	-57	-11	58	-11	36	-11	15	26	74	38	
-95	32	72	78	51	-8	-39	64	-83	-30	99	-12	-33	13	67	36	-43	-10	-66	1	71	-26	-85	59	70	41	35	-36	43	31	53	-74	-36	-16	76	71	83	-61	-92	-89	-14	36	-35	21	-21	-42	-71	75	56	-13	61	-31	-86	-64	-64	-45	36	-31	-5	-55	56	-5	-69	39	23	-57	-42	-32	84	-59	-3	79	-37	-67	-67	20	75	-55	9	69	-52	-21	-18	-74	3	-3	-41	-1	96	24	95	91	-74	-67	45	69	-15	-43	-96	88	3	61	25	-75	-36	89	-97	54	-79	-7	-11	-22	19	64	35	67	-48	-84	43	0	63	-63	70	84	43	-25	72	37	
65	-6	58	39	6	85	87	-81	-26	-63	17	49	94	-71	-74	57	-62	-40	41	31	-7	-1	-53	-48	30	32	-62	12	-57	23	44	-23	49	-31	-98	42	31	-3	-29	20	67	-10	87	-39	-59	79	-99	-62	69	-43	7	-25	32	27	85	-24	-52	34	9	-35	92	24	-69	92	31	-7	-24	-29	-65	-21	7	-7	31	51	19	13	6	54	-27	-66	85	49	-10	69	-90	30	87	61	30	64	4	-12	19	-37	-17	5	-81	64	-36	-71	24	-75	38	-35	2	-22	-80	68	5	46	13	78	-61	90	28	75	-62	-69	-39	73	55	51	81	87	29	-14	-40	41	
-86	50	93	-20	79	60	97	-12	-28	-91	-35	-1	15	63	-59	8	-88	-64	-35	42	-77	-86	-88	-78	-66	-30	0	-70	50	23	-90	-7	42	-64	-8	45	13	12	-33	-21	-12	2	-87	-81	-10	-99	-36	30	30	-9	-5	-79	89	-71	86	-22	-49	-63	-1	78	-49	63	36	-68	44	-60	-35	-72	-83	99	41	-20	50	78	28	66	87	66	78	94	-64	-25	46	-28	45	-3	1	28	7	54	-16	16	-1	78	-69	-2	79	38	-81	-59	46	65	38	98	-52	-36	-24	23	-87	-56	78	42	-90	87	-51	50	61	-96	-60	1	-2	-33	90	51	63	86	-18	99	
-13	-36	-84	-13	53	-2	59	79	-41	-39	-73	-13	1	-78	80	85	67	9	-60	1	87	-31	-59	-11	-27	-36	-92	89	49	17	-48	26	24	-18	-13	-49	27	-50	95	-91	63	75	-77	1	-83	12	73	98	-26	-81	-40	-92	15	10	56	-85	-29	-27	-76	37	-51	-42	-41	21	-9	59	-36	-73	-47	15	-85	-23	13	25	-83	-1	16	58	36	77	-85	-50	-40	78	60	43	-97	-64	21	4	55	-91	-52	-81	-81	37	-47	93	12	-79	-68	21	44	-80	-26	-75	-41	6	68	-82	98	21	-7	36	89	95	41	-26	-54	4	90	15	97	-25	8	-20	30	-3	
-59	-13	7	61	78	-87	46	-65	-74	72	53	-89	8	-20	-54	80	-68	13	-55	28	14	-69	10	0	-19	8	21	87	11	20	-87	79	-46	35	71	38	-83	49	47	-30	-74	91	-39	-77	90	16	1	-85	-91	-1	-87	-51	0	16	-54	-65	36	23	-87	78	-1	59	-41	-3	-68	51	-96	-78	-7	47	40	-89	-22	55	17	-43	-79	-73	-50	-9	-85	77	14	34	49	82	46	-21	88	82	14	-75	79	70	81	-51	-91	-52	-36	27	-19	-31	-85	86	-33	-30	-45	-98	-11	-5	0	11	37	49	1	-14	91	-86	50	54	-45	87	94	67	6	-50	81	-1	
24	47	-32	97	-7	3	61	-97	-94	-49	22	-46	-42	38	57	98	94	-62	7	53	47	-76	66	-19	-10	-1	37	64	-95	-7	45	-89	2	-70	-62	-77	33	70	79	12	10	25	12	31	-43	-63	-95	32	55	59	-31	-27	-42	15	39	66	44	-49	-80	67	-70	15	-34	14	-55	-7	-62	-2	84	-81	49	25	-90	-2	54	-97	0	-41	-13	-76	34	-54	-21	-57	-25	-34	38	-68	-86	-3	-39	69	-13	-78	-70	-94	-41	-5	-56	-72	-4	-8	-18	-75	-98	-48	78	-33	80	-70	69	-11	-17	-77	82	-8	-60	-81	-45	86	-34	-85	4	-8	82	-90	48	66	
69	43	97	90	20	87	27	12	-59	77	-69	51	-69	59	-47	34	-21	-20	-81	27	-33	-70	87	25	33	-14	-41	-9	12	79	47	-28	95	91	-11	82	33	-57	36	71	-38	75	-4	-93	-5	-27	-89	25	-57	-14	-34	65	49	92	10	-10	49	31	-74	21	0	36	57	-26	-77	34	-89	-83	27	80	-90	-89	-80	-97	48	-85	20	89	-34	95	8	27	-33	-92	-89	53	-14	-23	66	0	-92	-14	-59	-93	-72	-9	-21	82	-50	71	50	-23	-19	-11	19	52	49	75	-23	7	-60	-27	57	93	-87	51	-41	54	24	-99	80	-55	18	43	-3	-88	-70	50	
81	87	-7	10	-68	-62	33	-36	-64	96	75	-28	41	94	-89	-91	-87	91	-72	-96	-18	-32	23	18	-13	-74	5	-18	24	9	-57	35	34	-92	-81	46	50	55	52	64	39	-57	42	-90	-40	-31	-4	47	45	-97	-31	30	79	58	-63	-48	61	47	84	73	-41	-75	-23	-89	-13	-47	34	29	66	96	-61	32	53	-82	-20	-15	-12	12	64	56	39	-25	-84	-39	-45	-84	-32	-33	-99	76	76	-33	33	76	-98	-78	39	64	13	-77	91	-68	-81	-62	-22	-52	81	-38	-83	15	50	71	52	16	-91	-75	59	58	-97	73	62	69	-15	-9	-26	83	69	18	
42	86	81	-68	-57	-81	51	78	36	9	-7	-53	95	-63	44	-38	-68	72	-90	42	70	5	82	87	-83	-74	-66	28	17	78	-25	99	44	-95	15	-33	12	11	-74	18	-98	0	-24	78	-72	6	-24	94	81	55	78	87	-32	-42	-1	68	-56	16	0	-74	3	-73	-39	-1	-9	-21	-1	35	11	-44	-89	63	-84	-26	27	-9	-34	62	2	-49	72	56	83	-11	68	62	-19	54	58	87	-86	-67	-83	97	-45	1	69	95	0	-3	-61	-77	-92	-35	-17	39	-75	-75	-88	-47	70	-3	-10	97	-4	79	66	-49	-93	-12	63	-65	-58	0	64	-32	-48	78	
34	70	76	-56	-62	53	94	69	-69	99	78	-25	-47	81	94	-6	-87	19	-82	-57	-34	-4	80	90	12	-28	89	-37	-15	35	-29	-42	74	-83	89	5	55	56	-38	-36	-39	-45	-22	68	-52	99	2	-2	54	-37	-78	-71	55	21	-29	96	26	-1	-75	38	78	-64	-82	-8	56	-84	-39	-20	-87	40	-4	-38	81	-31	61	39	10	-23	-22	-32	81	16	77	-19	35	33	99	-73	-15	-40	77	20	35	83	-31	39	37	-38	96	82	-69	-22	-91	-53	52	-35	77	-21	2	-21	-77	-51	19	-32	-98	47	-34	-40	18	-36	90	4	-30	31	-87	-71	-16	-30	
-63	4	80	29	25	93	66	-18	-5	76	52	72	12	-3	69	-16	-99	-94	24	47	-96	-97	73	-22	-89	-66	-10	-81	86	2	22	-88	-43	54	9	21	-93	-23	33	-45	48	-16	-53	32	-87	47	57	31	21	-72	38	39	-15	-98	59	75	10	17	41	-3	-88	90	37	-50	59	92	72	-81	45	-88	78	-64	7	-51	-83	29	56	20	92	55	98	-53	-30	58	17	84	-14	35	-33	-74	93	91	-74	-99	-35	74	6	-55	-65	-16	-17	29	-52	5	2	6	86	-1	-61	-30	-58	-33	35	-5	7	-34	25	7	-31	-14	-95	85	-70	93	-90	32	84	-17	
-6	72	47	-89	26	-49	-61	48	36	-90	-72	-90	-64	-67	39	-20	11	11	4	-31	50	92	-49	72	26	-44	-51	64	-60	15	-69	-49	81	91	14	-19	-8	79	-4	-46	-67	-80	28	-37	-81	-40	40	82	-2	-10	-49	84	-94	-18	-68	81	55	57	-62	24	-98	93	-57	-12	2	80	5	60	-33	1	-42	92	48	-85	95	54	77	-84	27	98	20	32	-48	28	22	86	-64	-66	79	-74	-12	19	-80	28	-53	41	57	2	-18	-90	-59	57	-6	35	-27	-63	42	-85	91	-34	92	69	52	-59	1	-63	-78	-36	48	-74	85	-20	76	2	-71	63	-15	-64	
55	-90	25	21	30	-39	32	-6	-55	98	-32	99	-41	-18	-99	-76	10	15	-24	-38	97	33	95	-47	18	-81	-98	57	99	-47	-9	56	43	6	-11	-22	26	38	98	-71	-35	70	89	-24	2	-38	-47	-35	-18	58	-90	-90	-91	89	-69	-58	-69	-89	8	-98	-37	-78	-82	-27	60	-82	-69	-71	-4	1	25	-78	92	-4	-85	-14	90	-10	11	25	26	73	-31	7	57	-60	-72	-76	-62	68	34	-73	28	48	25	62	84	99	-32	54	15	-23	57	4	31	18	8	-93	79	-79	19	7	-28	-23	65	-1	-44	-72	75	-73	-2	-27	-35	-2	66	22	-74	-92	
88	15	-45	86	-93	-95	87	31	-13	-55	31	67	90	-86	-19	-19	-46	65	2	84	-14	20	53	-95	-13	-66	60	-45	23	-67	-14	-6	-72	-7	27	26	-75	-95	-53	-46	92	-63	-98	59	-44	-68	-64	-22	98	-66	-24	-67	-94	80	56	14	92	-5	-41	64	-42	-47	58	98	2	87	-61	-79	21	55	38	-78	-50	-73	52	29	73	5	-50	44	21	-32	38	42	-74	36	19	-47	-3	62	61	-2	-20	70	-16	76	-98	-23	-71	47	64	10	-2	5	30	-13	63	30	-27	58	-67	32	-94	53	-74	-63	35	-25	35	-95	-2	10	-28	53	45	-3	98	-29	
-95	62	34	11	54	-59	72	-8	-67	44	10	55	-12	-19	-97	7	34	-14	-50	-90	15	94	-56	-13	72	23	-58	42	-40	-85	-66	31	65	73	23	-72	-65	77	73	49	0	84	3	-82	93	34	64	12	-14	-97	1	-76	-39	-92	97	62	-18	-60	-25	-18	-14	-30	-21	59	-80	-73	-77	52	-8	81	90	-58	42	82	-65	38	-4	61	62	13	-81	29	92	-80	78	-9	-9	28	39	-18	-63	-88	76	97	-22	-34	1	15	96	-46	60	94	75	-20	86	71	99	-21	60	15	85	-39	-16	-84	-53	39	89	35	60	-31	-98	0	13	-74	96	-61	-94	-20	
-58	74	86	-28	3	93	-71	14	-79	-19	39	-70	86	-22	-83	42	99	8	86	13	-52	5	35	-45	-85	-10	10	-16	-12	-81	81	-41	-44	69	39	72	93	-67	-96	94	80	-62	-38	-91	-17	-50	-47	-34	94	75	38	-28	25	64	11	-59	16	-86	51	-56	1	22	-51	93	-12	-34	-67	-86	10	18	62	-65	-50	84	-81	74	-51	-84	5	3	97	-19	-52	-9	9	35	56	-1	57	-59	29	73	82	39	34	56	32	-48	33	-98	-84	-13	-39	-98	3	86	-95	18	69	-68	0	39	51	69	-44	-79	54	72	-11	89	32	0	-39	8	-27	-65	-52	65	
-44	-92	-54	-69	69	-53	-64	-99	22	75	21	22	59	81	-96	-18	84	80	87	-51	95	40	-99	7	-43	87	65	-18	53	39	1	93	72	28	-27	-19	-37	-81	-4	14	22	64	-66	63	-85	-72	63	-24	-91	-47	36	92	79	66	-65	30	85	26	81	23	95	-57	13	-46	-86	-26	-61	0	-95	-75	98	99	56	-34	18	9	-5	-75	0	-26	-68	60	-22	73	-78	-29	-57	-59	-5	4	55	-40	31	34	-37	69	-12	-38	94	3	-11	1	12	35	59	-44	-4	31	52	71	-78	-99	26	77	-1	-98	65	33	-12	47	59	42	80	-55	-90	-25	-22	11	
-14	22	-72	31	71	-67	-37	11	9	16	78	25	1	-89	-27	25	92	60	-71	-54	61	-82	-39	99	-47	-94	-91	99	-71	-69	-41	44	-97	-50	48	14	30	-60	43	-75	27	20	41	-64	60	15	83	-86	15	0	-98	-73	15	-2	45	-1	51	-43	45	9	-96	58	-35	-11	37	14	-30	64	-25	-56	48	47	-82	43	-2	-84	-80	30	39	-18	-5	64	-24	-32	-98	-24	49	-49	14	-59	-49	-18	-38	97	42	58	-52	-86	-2	-30	11	-51	-26	-92	-97	8	0	-29	-27	72	-46	-20	-4	-78	29	-58	16	0	62	35	1	10	74	-43	70	-75	-97	18	
-6	59	-9	27	-31	20	25	-9	54	31	-11	35	-46	53	10	97	-71	4	-30	-58	-12	59	-37	-19	-40	25	-80	-36	74	70	12	6	-79	-16	46	-24	57	99	-56	-91	-72	99	80	-79	76	-95	72	-75	-68	-14	-71	-25	-25	79	-47	29	-90	-24	-15	29	-57	-83	30	-34	-3	-64	38	6	-70	45	-8	40	55	-21	-73	-66	31	12	-8	63	46	-89	-21	0	82	-60	-23	-41	65	-1	69	-21	68	13	-84	-92	-56	19	78	-68	-20	6	-28	-74	67	-36	46	-89	-95	43	-31	65	-18	-16	-7	12	-64	-75	70	90	28	-74	88	40	-69	-66	-72	-91	
20	-42	-43	59	-76	52	-35	84	-73	-41	-25	49	-18	-99	0	-84	-98	-52	-84	-1	98	-59	0	1	6	-87	77	31	-5	89	21	-29	-3	66	98	-51	25	34	-7	50	-31	-49	-79	-55	-63	-93	-69	-8	-8	-63	-94	55	77	-44	-77	-54	88	16	36	55	-67	-87	-75	12	70	-42	94	83	86	-12	-78	-24	21	86	16	-60	-94	24	44	-4	-68	-31	-43	-90	-98	-98	-20	94	-67	-51	26	-72	-11	89	37	-74	92	72	-75	69	64	-1	-94	78	28	-97	96	-26	18	67	13	13	-2	-44	0	3	85	53	1	93	-16	40	-60	-73	-86	85	34	-8	
-89	66	-70	-58	-75	-87	-47	-61	71	81	-20	-13	-94	-57	53	-69	21	-36	-57	0	10	-12	-20	26	27	26	61	5	-93	40	31	41	48	-97	76	-90	36	-96	-81	-99	81	-8	20	-54	-80	13	-59	68	36	-65	-14	50	63	-59	73	4	-40	53	30	-27	-57	-77	-98	-76	15	-50	49	-33	-52	8	7	-36	-29	9	-1	25	80	-27	1	-17	45	-98	72	-59	80	54	-84	-35	-32	-77	36	-45	-58	47	-76	79	-83	-67	-13	32	-98	-33	-77	48	-17	95	-29	22	13	50	33	-62	59	24	60	-18	43	-92	72	34	19	-94	-22	39	85	-76	-18	-39	
71	3	72	-93	-73	92	-31	-86	-8	-2	49	-17	82	-57	-83	-30	63	-90	7	-56	-21	-77	27	54	-47	-65	-49	83	-27	-84	-40	68	0	43	94	39	0	20	-83	-14	83	-79	-13	-64	-6	-54	-14	-53	37	21	-48	-98	-80	79	97	-94	24	64	-39	81	28	95	-14	9	97	-34	-95	-98	-55	-39	23	-84	-10	89	29	46	62	-4	-42	79	49	-37	-50	20	-18	61	49	-45	45	-61	-10	-88	-1	1	-58	35	-46	-4	-12	-5	-88	-76	63	-50	8	-87	71	43	-19	-68	76	-89	28	-22	70	-23	93	0	-24	17	-14	3	-83	-62	42	84	-38	-93	
-67	11	-95	52	-37	49	-55	46	-74	58	96	64	-8	-10	22	-17	-23	31	66	12	88	68	32	-64	-65	68	-95	4	-80	54	22	45	-51	68	-64	-24	-94	-95	59	-36	-81	90	-88	36	-65	24	13	-36	49	85	37	17	-6	61	-71	42	-54	86	-82	16	-13	-86	13	-95	-28	80	46	-1	-62	17	12	90	-47	-66	-51	-77	-22	46	39	1	26	-84	31	24	52	-78	57	-35	49	-86	-83	68	32	96	-8	-90	-83	-58	-64	-59	-28	32	-59	-93	-21	61	96	-66	96	99	13	-91	-15	63	-84	-47	-12	53	52	84	27	82	78	3	-16	32	43	-29	
-25	-42	67	78	-73	55	31	-51	36	-33	-86	-41	90	83	1	-95	57	-40	31	-8	55	-82	54	-96	70	56	-69	11	75	-48	12	55	85	-98	-18	24	-21	11	43	-17	92	71	-75	24	-29	79	-20	15	82	-25	71	-26	60	19	-49	17	-13	7	23	-92	8	-98	58	-85	-78	92	-63	41	-60	27	-48	54	85	-54	-45	64	-70	-85	-27	72	-84	6	87	23	-11	12	-98	25	80	95	-78	-82	26	-80	-41	63	-20	24	73	58	-1	-48	89	87	57	98	-47	87	51	-31	23	17	21	-55	93	-79	-84	98	-57	-94	-73	-53	-76	97	11	-19	-28	82	
81	-95	2	-73	7	-11	9	-31	-1	6	-77	-4	37	27	15	18	50	-75	-40	91	-24	16	12	20	-35	-43	82	5	-27	-36	-45	91	68	-51	-71	60	-1	81	27	-30	79	-75	-25	-85	-16	46	-28	-60	61	-9	58	28	49	-76	-14	38	32	59	97	61	19	26	-1	-48	2	-95	30	71	36	-7	5	47	63	-46	56	78	-71	-74	-95	35	-83	9	-5	44	31	-95	-1	-26	-1	80	-36	84	15	-79	-85	59	-48	34	52	98	34	23	88	3	-26	-99	42	69	-46	-19	-67	5	50	-21	70	89	65	92	-66	-94	32	-54	81	36	28	63	-38	-62	
8	-47	-7	-87	-53	-29	80	-64	21	-90	-46	-33	86	-73	-17	16	23	-8	52	58	79	29	-15	-75	-65	94	44	-90	76	-58	99	71	90	-57	-27	-4	55	-70	27	-62	-63	-56	-84	-42	9	6	-28	-36	57	-65	13	95	54	-43	-10	-26	-62	-86	-80	-11	81	55	47	32	88	-93	-70	-23	-53	-58	24	42	-19	-89	-12	-94	70	7	92	-26	-40	-34	60	-87	28	-82	-34	-95	8	-6	-37	66	-1	29	17	-25	-79	-20	21	58	-9	6	20	-97	38	0	7	-35	-45	-53	24	72	43	-47	56	18	-49	9	-29	-49	-14	96	73	-82	0	-84	18	31	
54	-78	-36	-76	76	7	95	25	63	-83	57	58	-52	33	-3	84	-47	-20	-62	-22	85	-96	42	42	95	-93	42	-61	-98	69	-62	-11	20	46	-83	-73	1	-52	-43	-1	71	94	50	-60	1	50	87	-25	48	91	-43	3	38	45	-50	23	93	-87	24	92	-80	-40	-59	76	93	90	87	38	1	58	29	76	2	-71	14	3	-10	15	66	29	62	48	-69	-27	21	25	71	78	17	52	16	-78	3	0	88	-29	52	52	68	43	-16	44	-22	13	75	-74	72	-70	-50	97	-51	-41	8	-29	24	69	-45	80	92	-10	62	12	-94	-15	-57	-87	91	68	
-74	31	-23	-92	-18	40	-18	-31	39	67	-29	-82	47	-99	50	41	-17	-76	-24	61	92	-58	55	91	-84	32	-93	-4	88	-30	22	-67	95	32	15	-66	-98	-18	65	1	72	67	52	-9	78	-82	-62	44	45	80	22	21	75	27	-5	42	65	46	36	-9	-46	-19	94	69	40	52	0	-88	17	-69	47	-51	77	30	4	-28	35	62	62	21	84	70	-51	-65	-77	-90	49	-36	-90	-92	-62	96	-71	79	-41	88	-77	-62	68	48	-13	69	-83	93	76	-19	57	-88	77	-62	-19	-96	-61	29	38	27	-20	70	-54	81	-1	21	72	91	28	20	-8	0	
26	-98	58	-72	-74	-38	58	-63	23	23	-50	45	72	-30	-33	49	11	-28	-77	52	-94	83	61	17	-88	-32	6	-69	-46	10	82	-43	11	-68	-23	91	-15	-22	77	65	-31	-8	79	-20	81	-61	-90	62	-27	-41	-54	72	-11	-98	34	58	-13	7	-47	75	-59	49	93	-3	-45	75	81	-69	93	84	-82	-97	-12	-45	-32	45	-8	93	-9	-74	44	5	0	69	-45	-73	-48	80	74	77	-97	50	68	59	43	-83	-38	-65	15	-31	-41	40	-26	54	97	-12	-5	4	10	50	52	-45	74	28	46	1	-68	-28	66	-47	66	-62	-26	-97	-85	41	33	27	
50	-96	-19	35	44	-33	50	26	92	-93	-11	58	-90	-34	-39	31	-21	-37	-30	-79	39	-88	46	-11	-8	61	94	16	71	-61	-17	-3	-76	-83	-16	-84	27	98	40	-16	65	19	0	-96	91	-86	-54	-50	82	89	48	59	98	-53	70	90	-50	-46	50	22	4	-53	51	41	-41	88	7	-16	56	-96	90	-13	-49	43	55	96	78	70	56	67	45	-86	55	58	28	42	46	63	-15	-98	-24	-34	-95	84	19	-1	58	16	94	29	34	-94	26	-79	16	-68	-23	-94	-58	73	-33	-93	-14	-9	-37	35	61	-3	-91	86	-11	-99	9	8	76	49	-8	-5	
4	34	-5	64	3	-59	53	-5	-3	-2	-2	-84	44	-39	79	-26	-12	77	-34	-88	65	36	-48	-35	-98	-16	-48	-30	-89	96	-15	57	-87	48	80	-11	-40	17	-94	-93	90	45	14	35	-45	-76	6	91	-20	-67	-33	50	30	-14	20	-17	-21	53	89	42	25	99	4	-77	-35	-77	26	93	-47	81	-67	-81	16	-27	-80	93	-41	88	35	-22	13	-90	-30	49	-44	48	-85	4	69	7	-53	-6	-45	-44	-12	55	17	17	-81	25	49	-89	55	-87	76	-77	99	-80	-30	-29	-90	71	33	55	-59	-40	57	46	-26	41	81	-89	6	-77	-94	-82	-94	44	
47	-42	83	-19	16	5	99	-2	70	-13	-60	-65	48	-91	5	-69	-86	11	-99	61	47	62	-66	-31	-7	-64	86	-26	81	-28	-56	-91	-14	63	36	80	92	-86	-11	98	-14	39	96	87	-87	15	-66	-86	12	-45	26	-36	-72	-80	-92	55	-45	60	63	-70	15	46	-96	-13	-85	-61	88	-82	23	-48	93	-75	53	83	34	-19	43	83	1	99	-59	51	61	12	0	-53	-68	36	-67	90	-73	-3	31	7	40	24	71	51	60	22	27	7	55	-21	63	75	77	9	22	-94	-28	13	-45	36	-79	18	85	-58	73	-66	-43	-29	25	81	8	-9	-45	-87	
-91	0	-34	-81	-48	64	71	-61	73	-39	-82	-97	-48	78	32	88	-93	-46	58	-52	-71	31	47	-9	-88	-74	21	12	-81	-18	-59	41	46	37	19	-67	9	85	96	-33	-95	-6	-31	89	-12	31	-66	80	12	74	58	-25	92	-29	-6	24	-70	-22	0	-67	-71	-88	-70	-55	38	-17	70	68	54	-55	-60	-65	62	32	51	-79	97	-12	40	-54	-48	26	67	38	92	-85	-25	-35	42	55	-19	-67	-6	-88	3	-76	-19	-75	49	-11	-58	-46	50	-24	1	-89	17	92	41	-21	28	48	52	85	-40	47	-44	-35	27	-91	-42	52	89	-35	-78	-27	6	-5	
-3	63	90	-94	57	-80	44	-17	52	46	18	-24	89	6	30	57	5	81	36	81	-61	81	-37	92	-72	-35	71	-91	14	-60	13	-34	94	-66	94	27	13	61	59	44	95	-26	90	-30	-66	53	64	-50	-54	-93	-67	4	81	36	-22	76	-60	-87	71	-7	-64	-69	99	90	87	53	8	40	-78	-34	60	-21	-17	75	-82	-31	-46	26	-20	2	4	-66	-69	53	-86	52	51	-71	-86	-61	-32	-66	-93	27	12	-24	89	-32	-1	-9	78	39	-87	1	9	93	55	-72	3	65	-33	-36	-85	-84	58	-26	7	-17	28	19	-34	82	-71	-42	58	93	53	-17	
2	-25	98	97	-17	99	-37	34	-82	65	75	31	70	-76	6	-62	98	-21	-91	-54	36	-5	76	-97	-59	-64	73	-19	72	68	-92	-91	-70	39	82	21	-98	-45	-21	-33	57	-67	-96	74	-34	-52	77	69	-56	-12	1	9	-63	-26	49	-16	60	-88	22	-29	9	-86	77	85	15	-75	82	72	-91	-33	-9	50	85	29	54	19	-92	50	13	6	-85	1	19	-17	-23	-7	52	-5	96	-1	46	-66	-79	-8	-7	-25	48	64	4	-34	35	-12	-50	82	5	1	56	89	39	80	16	-43	36	88	-92	-21	67	72	-55	-68	-41	-63	41	85	54	-80	75	91	
83	56	5	-7	15	-41	-37	83	-32	29	-3	-6	-32	32	14	22	58	24	-60	39	15	50	95	36	31	52	31	45	1	74	57	64	80	-31	-25	-20	-3	-97	55	-77	-50	-25	-93	-49	-52	10	-77	76	15	-1	78	85	-43	-32	68	-89	-91	-4	-89	79	34	2	-67	20	38	-27	-95	-1	47	93	-43	-37	-48	71	0	-30	-43	-97	15	97	90	73	-37	-28	60	3	55	41	-87	45	66	73	-64	24	87	88	98	-67	39	24	-20	6	-73	-34	64	99	-59	44	-42	58	-42	-10	59	-28	76	-50	-85	-23	-8	18	89	-8	-41	27	25	16	-31	-59	
-56	-41	45	-81	-51	-40	-14	-89	79	-56	-53	-55	69	97	1	95	-49	-42	31	28	-79	-99	-30	50	-37	-81	-42	-69	-63	-17	-27	-22	-53	-74	-39	-71	-74	-64	-62	65	-73	42	38	31	-81	66	-13	-89	-4	2	-22	65	-48	53	96	62	-69	-89	-19	61	21	-14	67	52	-71	-70	-32	43	-66	-96	-19	36	15	-1	-97	-39	94	4	-9	-37	15	26	95	32	-18	28	-39	-30	41	-92	-98	-57	37	-5	-22	79	54	88	27	15	53	-34	59	-50	0	-38	27	-42	-61	63	-94	-24	-47	-2	37	71	-12	35	-75	71	81	-78	-9	-76	72	57	33	67	
97	7	38	-26	89	-73	-99	-43	58	44	94	-41	-64	-85	83	-83	-26	67	73	-71	59	-30	-41	43	99	18	12	12	61	-79	-54	29	-4	-2	42	44	70	-11	-53	-15	-46	-98	-97	39	-11	-55	-80	3	33	67	30	80	90	17	-50	0	-70	-58	-12	31	-68	45	-23	-38	57	-35	20	93	-10	-6	-46	60	8	-37	-21	48	58	42	-46	41	-37	-43	-95	-21	98	70	38	-14	6	71	23	20	16	-67	-95	18	37	-43	-50	-42	95	97	96	-32	18	81	74	-27	-16	-5	2	97	-36	-28	-56	39	-35	37	52	-85	-24	-12	72	-92	85	52	72	83	
41	47	-81	1	-75	0	-59	97	8	-37	52	21	79	29	-23	-60	-23	-14	46	25	-5	0	-16	-3	-11	-9	-69	-5	-55	-52	-46	95	24	26	76	96	81	49	-51	-26	44	30	-65	-14	-22	51	-82	90	-59	30	-72	20	79	-3	73	45	16	82	-63	-5	-66	59	6	56	-70	-4	-16	-99	-45	-78	35	39	-99	-36	-22	52	2	90	-13	78	36	-81	-59	52	39	-27	54	30	-41	20	-12	4	-88	80	-44	-40	45	37	5	-62	72	71	8	84	-19	-65	81	3	16	-74	-45	93	-87	0	-71	-37	-55	-75	61	-13	-16	68	0	-70	-58	-80	10	47	
7	41	-13	-27	-90	32	-61	36	-28	-78	-28	0	96	-42	58	-55	40	97	-79	-74	-26	73	56	69	66	-17	0	-84	3	55	-20	79	-63	18	-4	-65	-51	22	52	-96	-42	-16	-36	43	-31	-52	-64	-17	12	23	-80	99	30	-42	68	4	-57	57	-25	-84	-2	60	72	47	-65	54	10	-80	-31	27	61	-62	-4	63	72	37	-88	-46	31	-97	63	45	61	-69	-48	43	-28	-32	78	-65	-95	29	56	-95	20	36	0	60	-7	5	78	-69	7	42	96	39	14	-78	-48	58	23	4	29	-85	-99	44	43	-36	-66	-39	90	-58	-52	-78	14	21	-36	61	
-95	-53	92	-23	14	-38	-42	-95	9	92	-41	-65	59	97	-17	-60	-60	58	15	-41	45	10	9	-23	10	-35	37	12	92	92	72	-73	19	-37	-64	16	10	0	84	42	42	-51	82	-77	76	-83	-74	33	-39	-32	-49	17	-27	-82	-45	-59	-6	-68	77	15	-66	54	7	-90	-57	-54	-23	-69	-42	66	80	-27	39	-27	-44	70	-92	56	-63	-98	-69	-31	-76	-46	56	62	42	-23	-89	98	-44	96	-96	36	-99	-32	91	16	-67	-90	-27	-13	-93	-4	-91	16	-75	24	17	-83	99	-88	-82	10	-18	-77	-4	20	-31	-32	-78	9	-64	29	-47	-49	79	89	
93	-14	-51	10	-34	8	-6	-91	92	42	87	-42	-35	-84	81	27	24	39	85	-34	31	89	35	-25	86	89	42	11	75	43	-21	36	64	73	76	73	2	-48	48	-18	45	11	-90	-17	-21	-27	35	40	90	-52	-72	77	93	65	50	79	-42	-87	-16	50	16	84	-92	-2	89	0	85	-88	54	75	-36	-4	48	-15	47	-57	95	19	-17	-22	-81	-20	-52	-48	14	-15	-29	33	-15	45	-65	-31	-96	52	-28	20	0	-79	52	-15	-2	69	-2	-12	54	85	-64	-84	-70	73	66	-12	-37	-75	-71	-8	20	9	-35	45	-31	61	98	-55	37	71	-26	-73	
-28	58	-38	25	48	38	9	-73	-65	40	35	-35	28	79	-95	23	53	22	-51	6	-87	-83	-79	-40	-46	63	80	-57	-10	67	-40	28	-75	89	54	26	92	41	-21	20	14	0	34	-55	-93	-1	65	-79	-36	-19	-16	-36	59	31	11	0	39	24	58	-22	6	90	9	15	42	-39	85	-66	5	-77	-53	-98	31	17	6	-45	15	-35	9	21	-38	9	88	19	76	61	-79	-21	35	51	30	6	84	73	-96	-48	59	61	36	92	34	94	-65	-75	-59	46	-75	-39	-97	-9	-11	-32	-67	-69	79	21	66	-78	87	-36	-31	40	38	-71	-95	-82	-90	-80	
12	66	14	56	-6	-17	39	92	-40	-82	15	66	-37	-69	-67	38	-3	-23	43	99	-18	47	-25	84	-24	-96	-23	3	-15	-89	26	-65	-83	-48	72	-79	67	-3	-19	10	-6	-87	-72	91	-67	73	63	-23	31	76	22	97	34	34	-41	53	-54	-29	-83	-18	56	95	86	-17	94	73	53	58	-76	45	-40	-68	-90	25	74	75	90	2	-46	-95	-65	-57	-95	58	12	92	53	99	-15	69	-19	-72	19	39	-95	-58	6	-31	35	-77	-44	53	-87	-92	29	-91	-10	62	39	-47	87	-98	72	0	22	-60	51	-67	-69	-40	-73	51	48	65	-67	-77	69	0	
