4
5	-8	-3	-6	-6	7	9	5	9	-8	-3	-8	4	-5	2	0	
-6	-9	0	0	5	0	3	-8	1	-8	-9	5	-5	0	-9	-7	
0	2	-2	3	3	-6	3	-8	-4	8	5	-9	5	0	3	5	
3	8	-1	-9	7	-1	4	-6	0	6	0	-9	0	3	-8	-8	
7	-3	-5	-4	2	-5	9	1	8	6	6	-7	-9	1	2	3	
2	9	5	2	1	-8	0	9	8	0	4	4	3	3	-6	8	
9	8	-2	4	-9	-5	-5	1	3	-1	4	3	0	4	-9	0	
-1	3	-9	-1	-4	0	3	-5	6	-8	-4	1	4	8	-1	-4	
6	0	9	-6	-7	-6	2	-1	2	3	-5	-6	-2	5	4	-8	
-9	0	-1	-6	-6	-3	-6	-9	-7	9	8	-7	-3	8	-4	0	
-6	5	0	-9	-6	-7	-2	-5	-4	-7	-4	7	8	-7	3	9	
9	0	9	9	-6	0	6	0	1	5	-3	-5	-9	-8	-1	-3	
7	-3	-6	-3	1	3	0	0	5	-9	-1	-6	0	4	7	-5	
-4	-2	5	-7	-1	7	7	-5	6	5	5	-9	8	9	2	-1	
7	-9	-1	-2	-8	7	1	-2	2	9	2	5	6	8	-4	7	
-7	-8	-6	-4	-4	-4	-7	0	7	8	-2	4	3	0	7	-2	
