7
95	9	52	-53	53	85	-33	-73	79	17	-55	-77	-31	-7	-21	-72	43	-5	90	20	50	93	-69	-50	87	-45	-33	-8	15	-59	36	56	64	27	24	50	56	62	-62	77	-32	44	-49	-34	20	-4	-28	-39	73	-99	-18	25	97	4	-4	-13	56	5	13	21	88	-93	37	61	-4	-61	-66	-1	-77	27	-88	-69	53	2	70	52	-53	-27	-83	5	-5	61	56	-87	21	15	11	5	64	-32	-35	-45	86	82	-65	-8	-58	46	85	-49	-52	-67	-53	81	84	52	1	-11	22	-9	-85	-14	-40	63	-46	-83	-80	-14	26	-51	60	-81	-53	54	38	19	-33	71	
-46	-2	50	43	87	-17	-57	76	-24	83	2	-56	-53	-68	62	-64	-78	-53	-4	59	-57	-9	-97	84	48	-50	-57	-43	86	0	-54	-61	-83	13	-62	82	-53	-34	-30	-23	37	-80	83	-8	90	22	25	-81	-97	47	-19	-31	74	-22	87	-86	-22	23	46	-79	-92	-33	85	78	-9	-46	60	-52	-46	94	-23	62	98	-3	-16	33	-36	-79	81	9	39	23	-89	89	54	-21	63	-27	-20	-10	17	97	-62	79	-90	90	-48	33	-94	-24	58	82	-32	-39	-44	41	-97	19	-71	7	39	42	15	76	-2	-10	-50	-85	54	35	-27	-64	18	88	82	2	96	-60	
-24	-21	88	-90	-28	-21	-53	-85	-36	-56	-85	96	-91	-40	-95	-52	88	2	9	67	-73	-23	48	-58	-63	-43	63	-68	-89	94	-61	9	24	30	-56	26	90	7	62	79	-84	74	-13	53	-2	40	98	-17	60	59	49	-98	-87	83	-23	75	85	-6	-95	53	60	-13	-42	85	-81	24	-82	23	-32	-70	20	67	-98	8	38	-43	-55	60	90	56	-42	-54	7	45	87	-51	13	17	97	9	-39	-37	60	-47	-95	25	-36	13	-13	39	-73	-61	-13	-54	8	49	-15	45	-36	81	-48	68	90	-32	91	-57	-14	7	0	-42	24	7	-82	-66	49	49	57	-34	
2	4	42	-61	-83	88	-29	44	25	92	-56	77	-61	54	47	67	60	-46	-88	11	76	-6	-81	-11	-54	-66	18	-19	22	99	-14	-23	93	29	-29	-52	-91	-64	61	82	-83	-29	-44	-82	73	-87	-51	-66	32	25	39	-19	91	-54	63	-71	-37	0	0	-99	67	-66	-49	14	80	95	-20	-2	-50	16	-97	11	-92	68	-46	-19	7	-84	69	90	90	21	51	27	83	18	-35	-20	-46	-73	-60	10	29	-76	-46	0	7	-3	-48	64	-26	64	-68	-41	-77	59	58	57	16	-90	-3	-3	-15	20	-89	98	23	80	-51	-6	40	66	86	90	-8	17	-74	25	
79	-8	86	87	74	52	-93	-6	-27	-37	99	69	-12	-22	59	-32	-96	-58	99	95	-16	-51	58	-48	33	-52	16	-43	59	-71	16	-8	-47	99	-15	-24	94	46	-36	43	83	53	-20	84	65	98	-62	50	77	-8	47	-28	-60	99	-20	18	-41	59	72	-40	-50	-23	49	-73	-74	-22	19	16	29	-80	9	-57	-75	63	59	89	98	25	86	77	37	-35	54	-39	-18	86	71	-81	-12	97	51	37	0	0	65	-51	-81	62	-89	71	74	90	5	95	-19	44	31	24	48	22	54	68	-12	23	-84	-65	56	7	-79	-34	-47	-73	-12	-62	-75	25	57	17	
-28	-75	-38	-75	-95	-11	37	-77	-28	-62	0	4	60	-9	-27	39	-70	-71	-6	-59	-81	-80	20	-2	-60	-40	-93	40	25	-23	79	11	81	-13	-81	-94	-95	80	-36	-15	51	-60	-99	-49	53	-29	-88	37	75	61	75	-71	-34	-89	-38	18	-59	-85	83	-87	-60	-73	-60	-21	13	97	-90	-63	24	46	-9	56	-47	-31	-29	18	86	41	-6	87	-97	-12	-4	12	33	-48	-27	-15	98	8	69	-20	22	-7	-28	0	-78	-65	-92	67	41	-72	20	-47	38	-50	-86	16	36	-89	69	41	6	-85	37	-76	-20	-50	87	-63	5	86	-87	52	-29	-91	35	49	
-44	92	-91	-63	20	56	63	-85	84	-11	-25	-47	58	56	76	-87	44	53	-51	47	-81	-30	-75	-12	-91	36	40	-75	-26	-43	-89	74	61	-69	-95	35	-24	-21	-86	64	-62	-46	-87	-4	6	68	30	81	-70	-56	70	43	-61	47	2	-77	15	-70	-1	16	74	-55	-80	-47	38	-68	99	-55	-80	-12	17	-51	68	-87	48	-29	-92	-26	72	-23	81	-23	-7	44	-85	-21	-97	-39	-94	-36	81	-16	-2	-98	19	-41	-17	-84	46	11	-85	86	57	49	3	-97	2	-62	7	-83	-34	31	40	-27	-44	-70	-23	-13	-85	-35	-51	76	97	-62	52	-34	21	42	
81	51	60	7	-81	-67	-86	6	86	95	74	-39	6	64	-91	-44	76	-1	69	-71	-33	-69	92	-61	-10	-13	-17	62	29	-6	-85	96	-98	1	-59	-21	-14	-12	-70	-88	34	-69	57	31	-10	-59	-40	-13	54	9	43	-5	-73	20	48	-76	62	-38	-28	59	-60	-91	-74	-43	-75	93	35	81	73	56	-10	55	-81	-97	-68	-53	-74	32	52	-81	32	99	-30	32	33	-24	25	21	-25	21	-74	-25	-22	-1	85	6	14	-89	89	47	14	-19	-54	-99	-10	-77	98	-36	-61	-50	77	20	14	-35	-34	79	-57	89	-90	-95	12	-88	-76	86	-66	39	93	-34	
72	64	55	-56	93	28	37	87	48	-15	99	-17	37	61	-20	43	17	0	-54	89	5	-34	45	95	-96	22	63	-65	0	35	-75	-66	-89	69	74	42	-28	25	-1	71	34	97	-36	49	93	-62	-15	13	-46	0	93	-3	-23	99	0	-74	67	-31	-90	97	69	4	91	42	-3	61	-89	75	-44	-90	-49	-78	40	-24	45	17	84	4	-94	-64	92	-99	-41	47	0	29	5	18	-72	-79	20	-37	70	80	-39	15	-22	65	-40	-49	-1	94	-90	-56	-10	-84	85	35	62	24	63	85	-57	1	-15	-42	-32	-27	-52	-89	72	93	-95	16	47	-11	-84	-48	
98	43	51	34	73	58	97	40	20	82	13	-25	-44	-22	-84	-22	-71	0	-3	58	-95	6	-15	18	31	-55	-52	-8	68	-24	5	38	-65	-3	24	-97	-29	-17	50	-84	36	-82	71	84	26	47	60	12	-76	-93	29	72	47	59	29	83	-34	6	-9	0	55	70	85	92	-51	-65	-29	-95	31	-25	50	30	-79	-46	82	-75	46	5	-32	44	-36	20	52	45	-22	48	-83	-14	-66	-2	59	-38	-27	89	-94	-47	48	-47	-82	87	66	-82	-13	16	8	-80	-48	78	14	-39	-5	90	53	57	33	-44	-32	-54	-26	29	41	-7	32	-69	-56	-7	94	19	
39	-35	26	-24	-10	-8	-1	-23	-51	84	-19	-86	62	42	94	8	42	-6	-27	27	61	-25	77	4	35	16	-95	35	99	-70	42	27	74	53	-16	42	-72	91	21	-30	88	15	-53	45	79	-47	-94	59	-60	-74	49	5	-37	-70	43	-18	0	67	-84	-58	28	-42	80	-95	-17	-68	91	-39	-21	-38	-15	0	-42	72	84	-95	36	-39	-42	12	-60	78	5	-79	31	-47	78	-65	-19	-99	-21	20	35	30	-98	-89	75	-62	88	-63	-63	70	-61	13	78	89	11	8	-21	76	33	-81	36	92	37	-49	17	93	-59	12	23	88	62	34	-91	-6	-28	-84	
83	-93	-84	-20	66	81	24	67	50	-34	-8	0	-31	76	46	-27	90	-50	15	28	40	-11	-6	-16	-37	-21	71	-98	-31	-65	-87	60	-17	56	-37	-18	46	-98	-11	61	-17	-99	7	-94	23	20	-55	92	-47	-10	-33	66	14	83	-79	-78	82	88	-74	-32	-93	13	85	-26	-6	68	68	-70	52	60	-54	-84	-16	-78	-55	-44	14	49	15	35	-63	-12	-43	18	-91	82	-21	34	-39	-31	-74	-46	-37	-40	23	25	31	-75	75	73	-76	64	-22	86	62	-59	-97	77	54	39	44	-20	6	-54	-93	1	36	-18	-20	-24	25	71	-93	10	69	81	18	45	
-1	-59	-32	-15	81	30	-41	-36	42	93	59	-35	-57	97	21	-52	95	68	23	99	20	58	-36	-32	5	-65	-81	-96	-72	-65	-41	-16	81	67	-72	14	-47	58	-19	-65	68	93	87	-91	-87	-54	-26	-16	7	-17	1	25	7	-36	-26	-55	-37	-95	-41	84	-94	9	-13	-85	-61	4	37	-16	-17	23	-6	89	-78	68	-22	0	-95	-93	-88	80	32	16	-18	66	37	30	19	87	7	20	11	-50	83	18	74	-72	88	-28	-25	-42	-35	-6	96	55	4	85	48	26	-30	-54	47	15	20	42	-89	-8	-60	-82	63	12	16	86	-32	-48	61	-71	-82	-44	
-81	-47	74	-98	-73	-95	73	7	-4	-6	10	54	10	-80	-63	-94	66	-66	-1	-78	48	15	-32	-63	68	76	76	-2	-8	-30	-10	-16	18	68	51	-97	-24	73	-39	97	-10	-90	57	77	27	-89	-84	-18	41	-73	-38	-44	-87	-71	10	-85	-95	-11	-69	-21	99	38	69	-37	-96	-6	85	0	-73	50	93	-8	63	-96	11	-33	80	94	80	-11	-94	14	21	-55	39	-81	40	-76	-60	88	41	-82	-45	71	59	6	-5	-88	87	-24	48	10	-95	97	58	-79	59	-74	41	-33	84	10	-12	67	42	-26	-97	-83	-75	99	-18	37	91	-37	-61	37	62	-87	
-45	25	46	34	92	87	-50	-56	-69	-1	-9	-97	-60	-20	33	-96	-13	70	-25	54	73	88	84	95	-91	-17	-86	27	52	21	-6	16	-44	31	90	91	83	91	-76	72	87	24	60	-72	-98	-50	-16	-27	-4	-81	0	61	-4	-2	-91	-52	-19	3	-27	44	-74	-85	-64	-50	75	66	56	-10	-32	44	-90	53	-24	41	36	-32	83	0	-82	67	34	-36	-64	-54	-62	-23	-99	13	-37	79	43	-88	-81	25	-91	76	-77	-71	10	-42	-27	-76	94	2	48	9	96	18	37	-44	-88	9	-84	-11	-57	18	-72	-63	88	-2	98	27	12	24	93	82	41	-50	
-24	24	68	-70	-41	58	-51	-17	23	49	94	89	46	-20	14	-66	-85	24	-85	45	32	-8	-16	38	23	79	-12	57	91	99	0	48	-59	42	70	24	-95	91	10	54	68	-55	-53	-91	-41	-54	-7	79	-78	-64	-61	-55	-76	19	-75	24	11	76	43	13	58	79	-21	36	-84	0	44	6	-54	60	-4	77	68	32	-72	-48	17	0	-90	-90	-93	24	50	-10	-9	85	-7	80	67	-38	63	-22	-18	-23	-15	-35	8	-45	-42	14	-78	68	66	-64	66	26	-94	-13	75	-73	-3	50	19	-70	-3	-69	-36	71	-39	89	43	38	67	-53	-92	36	-86	-59	
34	72	65	-23	31	-9	-35	-31	17	-71	-25	83	51	65	-58	-47	57	-33	65	-28	56	71	-91	-25	-24	97	-20	70	51	61	-63	-57	80	47	52	-93	-17	-3	-19	21	-24	-96	-50	68	6	67	-89	94	67	66	-68	79	-76	98	10	-42	-89	31	9	44	80	88	-88	91	27	-27	-69	-37	93	45	-6	42	78	86	24	-54	46	-73	-29	42	74	57	-31	-93	30	-80	-79	84	-95	97	5	-75	-46	-38	-17	85	-5	38	-36	-61	75	-59	15	-15	-17	33	-64	-27	9	-38	50	21	17	-92	-47	-24	99	80	-78	-77	8	-23	-71	-35	19	10	49	-29	
47	-24	79	21	84	46	49	-15	-38	-34	92	94	47	-37	-92	14	39	86	40	-2	-12	-43	-27	-24	0	-80	-80	8	35	-75	11	-19	80	-25	16	1	-79	95	7	77	29	52	-35	88	57	-99	-57	22	-76	-62	27	25	-11	-18	91	78	-4	82	42	10	38	19	80	-85	93	4	-14	32	-2	-48	-45	67	8	-40	24	1	-12	-10	17	4	46	-84	-43	90	-18	43	-16	-64	-64	-78	7	-3	-3	-68	13	-31	86	24	-35	26	-56	-20	-84	0	-93	-89	-61	-76	58	-85	-22	-84	-88	41	27	81	41	-60	-90	26	43	-39	-8	-69	-13	42	-26	-47	
-39	-90	11	1	76	-31	26	53	73	73	-61	-3	0	13	-24	93	52	81	6	68	48	-53	9	-95	4	67	-63	-91	-16	95	-16	-8	-24	-83	-25	17	3	0	82	-98	16	-51	-88	0	98	-49	-35	86	0	94	25	2	-86	-45	-2	-6	61	2	-3	58	49	67	69	48	-75	-98	58	-81	59	65	23	-84	-33	-38	-93	-38	7	31	-11	-50	26	-38	-54	81	-51	-79	69	-14	-1	-91	52	-41	-86	41	56	87	-92	-19	-50	64	50	-79	6	26	98	-6	46	62	23	-34	-47	67	-52	-38	-91	55	-97	13	-79	62	-57	-80	-67	41	50	75	-1	88	
-80	7	-32	65	0	-32	70	-61	67	36	88	-78	8	-87	47	15	6	-55	-89	-20	-2	26	51	5	33	58	-74	-15	-93	-44	-29	23	-35	-26	-50	18	-50	-30	36	25	80	-46	71	-88	63	-8	45	-32	-10	-8	56	-65	75	64	82	-84	-24	20	91	-11	46	3	3	75	97	77	66	-63	-90	5	-69	-39	-72	-93	73	74	28	62	16	96	-24	18	-69	85	-14	36	-84	33	88	77	84	-32	-33	96	-83	15	18	2	19	51	30	-73	-15	75	-33	68	-56	82	-46	90	22	93	91	-32	83	48	71	-83	79	94	-63	82	-15	12	46	95	-8	14	
-35	-62	-82	35	31	-43	30	75	-52	69	26	32	84	46	-19	44	-10	-25	16	97	84	-62	30	-11	-99	-5	-14	-3	69	43	-13	96	94	16	86	-14	-58	36	-66	75	80	-95	-23	-45	-51	-33	28	88	-55	90	-21	-64	-81	21	0	68	-81	-79	-66	-97	-17	34	-64	72	-78	-64	-19	-32	29	51	53	14	-87	-91	-70	24	-23	85	33	10	-24	15	3	-47	-4	-65	-21	45	-78	-15	77	-88	49	-91	86	-50	79	-57	-17	18	-54	-83	-68	-37	-69	-46	-43	-50	11	-79	98	12	-98	64	-74	41	-22	-57	-9	-40	98	28	-25	85	-75	39	97	-2	
-21	-15	-53	77	-37	-70	-32	-76	-97	23	-34	64	29	-34	-54	-26	-7	-76	2	91	91	85	72	5	-17	96	-40	64	-15	-48	-39	-50	-20	62	31	-14	-15	97	-65	60	34	-38	21	48	-53	-59	74	42	-87	-70	-58	92	36	-64	-47	37	85	59	78	-48	55	-28	68	29	75	73	35	-10	-58	26	3	-38	90	99	57	-5	6	-98	4	-81	-78	-17	-23	38	-54	38	-31	50	78	42	1	3	-33	34	29	-69	22	74	-19	79	80	35	50	-84	90	67	-78	51	72	-1	-52	-14	-13	-24	4	-58	24	-99	82	-54	66	16	44	-60	4	-22	-36	87	
76	-34	-66	-68	37	65	3	43	93	18	78	-5	-92	-43	-68	82	-93	29	-8	1	-65	-68	90	42	-23	72	39	-36	9	-64	-13	-75	-62	-17	-2	-71	89	40	-3	-62	-47	-27	15	22	46	55	-85	-17	-34	22	-57	-9	85	-25	88	66	-77	-73	-61	-69	-83	-19	6	68	23	-82	89	-78	96	-67	46	19	31	68	89	-5	-66	-92	61	17	8	21	-94	27	-59	-27	32	81	92	12	91	57	42	33	14	-44	-54	75	18	44	49	35	70	-1	70	95	-31	74	-54	-32	11	95	-95	66	-25	94	-34	-60	51	19	-27	-87	19	87	21	-45	-48	50	
-15	-60	79	67	-37	-69	-93	-61	-55	-82	14	99	-41	68	-89	-33	86	96	0	82	-96	77	44	62	-91	77	-66	41	25	-96	79	70	-27	83	34	-17	-21	-72	-85	69	30	-82	27	-55	-84	70	-37	-33	-11	44	85	28	-7	25	-86	-22	-93	17	-32	-77	-28	-84	40	34	-37	-1	91	33	-81	96	-57	-35	-26	-75	77	27	53	27	-32	49	-92	-43	31	-87	87	-31	-53	47	-71	-90	27	-9	80	-26	51	81	-29	-31	-5	24	53	-89	-73	-90	-11	-96	-49	19	95	-93	-24	89	2	-65	91	53	-44	7	83	-14	-81	-84	16	11	-52	-9	82	81	
-24	97	-35	16	-96	1	25	25	-77	-89	17	-9	9	-98	-22	-81	-30	-65	-80	-49	-6	8	69	90	-95	97	-37	-35	29	42	69	-1	5	18	49	66	-22	90	11	42	17	-72	50	52	44	-87	-22	-14	-7	-17	51	67	-9	17	95	-80	-3	18	-11	36	69	-73	16	24	23	84	25	0	13	-7	81	-72	-91	-89	65	-14	53	78	-79	-44	-96	29	-84	59	51	-58	-58	-68	73	-8	-87	-24	62	61	9	43	38	-78	-7	-71	9	47	64	21	-77	-27	4	-56	58	-7	78	-25	-28	42	-98	97	-47	78	-12	0	82	-5	83	53	-82	-61	63	81	
47	30	-41	4	-76	-52	34	-29	-84	3	-99	9	-68	-46	13	-27	-54	-57	90	-37	96	-7	-94	47	-23	-98	10	-8	-82	66	-85	8	56	-35	-31	64	14	-9	-60	39	-10	-61	49	55	75	-31	19	0	8	25	-60	-66	-65	86	-36	64	-68	71	-95	1	-52	83	75	3	-75	23	22	-13	69	-69	-77	57	-60	63	-59	30	0	38	53	-58	74	-15	-75	-88	-80	54	44	-3	-44	63	-34	-70	-12	9	2	-46	53	-76	94	-28	27	31	-98	-27	-4	-97	36	-24	28	-18	-57	-10	-29	42	-3	-49	5	-53	-71	-46	-23	18	15	64	-32	77	98	51	
74	55	-16	64	41	77	-2	41	72	88	-54	35	-86	-28	0	-68	25	7	31	15	-89	38	68	-20	-38	84	65	84	-31	40	-92	-9	83	-11	-88	91	71	72	-8	84	-5	-44	-39	-73	40	6	21	-55	-84	23	-45	-54	44	-59	23	-3	15	-50	-79	-77	37	57	-50	67	-82	60	-57	47	45	57	54	-1	-12	-76	28	64	36	28	-37	74	-38	51	-52	-48	-9	-71	-19	38	-80	-23	20	-78	-12	95	6	73	-7	-92	26	-10	99	-4	-9	-49	8	-50	-12	37	-39	78	6	90	75	-25	76	90	-20	-93	-40	-24	-19	-77	-7	-61	50	-91	-91	-22	
69	72	-35	24	60	-41	15	49	-92	19	-44	-97	-23	-3	74	85	24	44	-72	-71	-41	85	-30	-92	64	-25	-95	-6	62	85	-86	36	79	74	5	88	10	-4	-59	14	11	-83	13	28	51	68	87	52	42	70	-24	-94	-83	-26	-46	17	-83	-67	-94	28	-13	86	5	68	-18	-47	1	-81	44	-31	-52	52	1	36	-19	44	-12	-34	-73	69	-96	38	62	-86	30	-48	-17	-70	-24	17	22	-28	-96	56	-20	13	46	-18	-74	-66	73	39	19	13	67	91	44	-27	-86	-62	14	-27	-30	-73	54	-60	58	-23	-12	25	-67	-72	-88	-56	-36	-84	-97	14	
10	-35	-31	44	99	-71	4	43	-65	39	-68	-79	-18	-6	-28	-95	60	2	79	-84	-66	-94	-57	-46	58	-80	33	-82	-27	20	60	-93	-98	15	-47	60	-60	88	-96	-43	23	80	-87	-13	2	22	0	87	15	-80	-7	32	-99	36	58	2	-7	-42	49	60	-88	18	-50	92	-13	-84	-69	-39	40	-67	58	83	-4	11	-33	-56	6	-15	37	-26	-83	-74	30	-24	-40	-20	61	16	81	22	51	-41	-58	66	-67	-49	6	-55	88	-6	-71	30	-82	2	78	82	56	-87	-31	-13	-50	1	-89	93	-39	9	30	-48	-90	-80	-79	97	38	5	-95	72	84	54	
-33	-2	52	-87	55	47	90	65	-41	9	-51	-5	85	44	-54	95	98	-63	61	-85	-38	-13	-11	-54	92	-88	81	-94	-22	-40	41	67	-84	94	33	-65	-63	-56	-8	30	-25	49	63	25	38	65	-4	22	-15	-38	-47	-24	34	36	43	96	85	28	44	-38	-75	65	-40	20	56	-8	-15	14	17	44	-70	34	-41	-8	71	-72	-55	26	-30	-3	57	-90	47	26	-60	-30	-67	-37	-30	46	45	-48	-61	47	-24	-77	-13	10	-29	30	-11	-71	-28	-86	58	11	56	7	37	-60	57	48	-61	-36	-99	-83	-30	-88	-67	68	63	33	-91	-88	-47	94	-42	28	
-5	-46	34	-14	-36	74	-32	-32	73	-67	-58	45	8	-10	-34	6	-6	-95	33	56	-67	76	24	-95	78	-66	23	42	-3	86	-47	80	44	94	-36	51	33	54	-92	11	-17	-7	89	-23	58	33	53	58	-88	-79	-7	-31	-13	-53	88	29	-95	-97	-90	-81	-82	57	80	-37	-72	97	-50	75	-14	-21	-45	-7	-39	77	-77	81	-24	-98	57	25	-3	12	50	69	-68	19	41	-6	83	-61	-45	75	-84	26	61	23	73	70	75	92	-30	60	-91	-3	-53	-39	-10	-20	-40	-87	-49	-19	46	49	-81	68	-54	34	99	-23	-53	55	81	9	-73	-75	-59	96	
36	30	-39	80	-30	42	-3	-86	32	23	-68	87	-32	15	61	48	-8	-18	-80	93	-64	92	-6	-75	-71	56	82	-80	61	-58	-58	23	37	19	-91	80	52	-22	55	1	47	66	56	96	-46	92	12	76	9	-19	11	-56	-76	-26	80	11	88	-9	76	14	-11	32	-73	-25	-7	-35	47	-34	73	60	92	33	-48	29	51	-52	-1	89	-44	9	-62	-21	-39	38	-21	70	21	46	-49	-98	-71	66	-86	-52	70	85	10	95	15	-66	83	-1	-92	-25	-76	46	78	76	-69	99	94	-76	44	57	-8	99	-61	51	52	-99	-5	80	-11	0	-37	23	-89	39	
-75	-96	72	31	99	-91	-12	32	-88	4	21	-31	9	-41	-59	-31	76	22	-26	34	41	77	-68	-74	-74	8	35	-5	-46	94	26	92	-56	-56	-24	8	20	-22	-47	0	-79	-69	0	-63	73	-56	-35	7	18	26	-9	12	23	21	-87	-45	-82	-85	-41	85	57	-67	-45	36	-93	-10	48	84	62	94	31	-68	58	52	1	-18	82	3	63	-43	53	63	28	-24	56	-40	-62	-58	-13	-24	0	-76	80	14	70	4	62	28	66	-33	24	-66	-33	-11	87	12	29	73	20	57	48	18	32	-54	52	-24	13	-66	67	-97	64	-93	2	55	-6	66	-25	18	
-83	59	-63	-15	-27	-27	-11	-1	-37	-70	13	-15	38	27	69	77	-21	-92	-72	13	-90	98	68	77	93	97	-25	79	-97	82	55	-72	-96	-60	24	-72	-65	68	69	-43	-97	-73	-57	-89	62	73	83	45	-14	-99	83	5	93	-86	22	77	-74	93	-55	37	6	39	-60	-20	94	-13	-95	-31	43	3	-51	37	-34	8	65	11	-56	12	-38	43	-55	-15	-78	91	-67	-91	-26	-95	62	2	1	2	-15	78	-2	-38	34	60	51	38	97	41	61	-36	-44	55	-55	-55	28	27	-59	-41	71	11	57	-46	83	-30	-28	24	-8	22	42	-37	-15	-53	-82	-72	
48	81	85	-11	66	16	11	72	-73	86	76	37	40	-69	-37	80	77	-90	-88	82	95	6	-44	82	76	-88	96	-95	68	-63	59	-43	-5	99	40	4	-36	-46	40	53	50	-21	19	87	-86	97	93	-81	-27	48	-18	-54	63	39	-82	-24	-86	82	19	44	-19	50	83	-67	68	-81	68	44	88	-38	28	-58	13	-19	62	-89	57	-51	-26	-54	34	-84	23	37	64	-86	-42	58	89	-91	-45	-38	71	-95	7	44	37	-47	-58	-23	64	-67	58	14	7	-51	38	6	30	-59	-3	-83	85	52	67	17	-89	90	-14	98	-13	77	91	-13	-37	-12	28	84	
-78	-8	-15	-81	66	-3	-27	5	-4	96	18	69	34	-99	81	80	-23	-57	18	95	-62	-17	4	-87	57	8	93	82	15	-93	68	55	14	-34	56	-17	83	-64	10	0	-35	-95	90	59	-63	53	-30	-27	25	28	-94	56	-85	17	-72	66	78	-39	-91	-77	-54	-37	-91	-80	25	54	-11	-49	-82	-47	36	65	-75	-87	54	72	99	-45	-26	11	91	-23	-27	2	90	16	62	94	38	-7	50	-53	93	92	29	-22	20	74	-21	-9	25	39	58	-81	-18	41	-72	71	97	-88	-19	98	-60	91	-48	45	-77	17	-21	-36	38	-61	-75	79	95	-3	-30	-58	
74	75	53	-52	57	69	19	-71	-86	-72	-64	39	-71	30	-44	47	41	-46	-44	28	20	84	7	49	-39	59	-26	19	41	55	-89	-8	-77	28	-57	27	5	-68	-19	-58	92	-66	16	71	-34	46	33	-57	65	-84	93	-51	-26	11	42	-8	-38	-8	59	15	-58	72	73	-53	18	13	-52	9	-88	-28	-93	-20	-62	90	-60	-18	-72	13	-23	83	-8	-52	-65	43	-86	-88	-60	64	-89	96	12	-19	-57	29	50	-74	13	-71	-45	84	-38	63	84	22	-86	-74	85	87	-29	-28	-33	42	33	-77	32	-62	37	-21	9	99	-66	49	-71	46	-5	-37	81	-89	
97	97	80	-3	40	44	24	0	-69	42	-38	94	19	-38	14	18	94	44	-30	97	77	24	84	-92	-79	47	78	17	76	-1	-82	54	-39	-56	98	45	94	-29	98	36	11	99	-76	-91	-23	43	16	-34	-47	-30	95	73	-48	72	-79	-28	92	-84	47	-73	-71	-28	-17	-48	-57	-62	-5	94	-42	-52	74	-16	-12	-87	-27	82	-32	91	77	-65	-17	-38	-20	-27	-98	88	61	91	-5	85	-42	-36	82	75	18	97	-73	9	-68	7	-68	92	53	-55	-14	-95	12	83	-62	-58	-51	-19	-44	-21	17	83	77	-67	-11	92	-18	85	-23	-30	-31	-70	-96	-11	
-70	57	-13	-25	-68	24	70	-60	9	-71	18	70	42	-83	-83	83	-79	-93	-32	-87	66	-83	84	76	-41	78	-1	60	93	-34	90	82	9	65	-45	46	20	-99	77	-50	-75	81	80	-20	-36	-2	-23	-99	59	-78	-73	19	-57	-50	-98	56	32	-2	30	86	81	45	25	41	66	45	95	85	87	39	-91	63	85	-35	-44	-35	-15	-35	-81	29	48	39	-92	48	-63	-69	-40	29	-1	-45	-38	24	65	-46	87	46	2	-83	61	-78	23	82	83	-93	-27	-30	-71	-23	65	34	-49	92	17	-50	-59	-58	-27	-50	55	46	33	-1	-35	40	98	58	-7	2	
-78	7	-32	75	10	-73	-72	-1	-49	-62	30	-37	82	79	-50	-18	-38	69	-96	-34	-74	-24	80	4	79	-17	22	-42	-54	-97	-60	-36	46	-73	-6	0	20	-78	2	-33	-2	-96	-57	-32	16	-20	97	27	-66	-37	-12	-4	67	84	18	-55	20	48	-46	-41	-9	91	-23	2	-22	66	-30	19	-5	18	-25	47	29	75	-27	42	82	48	-55	99	90	-64	-35	21	-92	68	-18	15	-15	79	58	84	-54	50	82	38	14	-97	91	95	63	52	83	84	9	-94	-84	-65	10	-51	-65	69	97	-33	-90	75	96	90	-99	-78	-90	-32	2	-69	-65	-57	-62	13	
97	51	-31	96	-58	7	13	69	-62	-81	-3	-77	-71	50	-64	-49	-67	-53	-31	26	88	2	22	-56	-77	1	-88	49	-16	-49	-68	46	-2	85	2	-78	-48	44	-4	7	-42	14	-90	-94	20	-39	45	-27	-89	37	-76	-86	-48	-47	34	38	-67	-60	-72	-16	2	84	93	-51	24	-78	-57	24	-46	-62	-31	-9	8	56	28	-77	-80	33	73	60	-26	49	-54	-92	-50	84	-10	31	-67	4	13	81	95	23	4	-18	-73	17	98	-31	20	-81	-13	53	52	32	-91	-63	-33	59	-21	-71	-50	-77	-53	48	27	8	41	-78	-71	-63	-28	52	-64	2	42	-35	
-65	92	-24	-44	-21	-45	66	60	-37	-3	2	79	-71	56	-59	9	56	96	-45	-85	-97	81	57	-4	17	-12	-66	-39	78	55	91	-66	-22	-33	-7	-86	52	19	13	-7	-82	-54	16	-42	-93	-83	-67	84	16	61	-87	79	-19	-52	-25	67	84	-12	-19	-46	4	96	83	-65	-2	-75	26	-33	-9	82	50	-46	-75	-86	-65	6	-65	45	-87	-1	-88	84	35	65	7	84	-49	-95	41	-70	-17	27	-34	-84	34	16	-65	90	69	98	-54	38	-64	31	19	15	81	-24	-67	-42	-45	-77	58	63	26	-56	95	-88	33	-69	25	-93	80	26	-77	-1	-26	-85	
-1	16	-14	12	-71	-25	71	-61	-32	-55	76	11	2	-80	95	17	17	76	-57	45	-40	-37	-17	60	57	65	1	90	-94	83	-87	38	85	92	55	-28	60	60	-16	31	-88	62	-77	96	23	-65	84	71	-22	-68	-53	26	-62	-95	-58	-7	78	-39	73	-79	-19	11	-52	-76	50	-4	-41	21	-68	37	-98	77	65	85	-56	87	-13	82	37	39	-4	43	26	53	-85	-26	39	-13	-76	95	14	12	37	-92	-54	-14	28	-7	-26	-53	3	-48	87	98	-59	48	81	-53	56	-97	81	20	24	68	40	15	53	-37	76	3	-33	-12	65	37	-67	-83	49	62	
-34	-76	3	-69	-58	-48	-46	25	-8	98	7	-46	73	-75	84	-99	-19	-45	-71	-83	25	68	-87	2	-84	20	-39	-70	47	38	-34	2	18	31	-65	-23	-98	13	-38	-37	20	-17	28	76	84	-59	57	27	12	16	-25	20	36	-13	-53	-48	11	38	-5	67	-33	-64	91	17	-2	-84	-78	-3	-94	40	-70	-25	57	-73	-30	56	-18	6	63	-16	9	46	9	5	18	-3	-85	74	-44	-57	40	41	37	20	23	-71	90	76	18	-55	-27	-29	38	-55	3	-60	-78	-3	1	-21	-12	-61	61	54	70	68	19	10	52	-92	-30	0	58	-29	-30	88	94	97	
90	38	-64	58	-7	-93	86	-68	-93	-29	-27	64	-12	-52	-54	-65	-5	-57	-62	-5	-36	-34	-39	95	-74	85	87	10	53	10	65	-56	31	-92	-81	-20	-52	-96	8	-25	-68	87	63	-58	-12	28	-96	4	-1	77	98	5	51	95	-97	45	-34	24	-82	-17	51	76	-33	78	-80	22	5	82	32	20	-49	46	-50	-36	5	-79	55	-7	39	27	45	50	-28	12	-61	-94	2	49	15	-37	-43	-28	27	-38	-25	-38	-67	-25	73	-61	26	-49	0	-33	88	88	91	29	56	37	85	56	68	53	-75	79	-73	-81	79	42	-90	50	99	-4	-50	-41	21	93	
-35	-82	-64	15	-42	15	15	40	-40	91	73	-51	41	64	94	4	7	43	-1	60	-7	-17	85	32	52	21	-70	-53	17	-79	26	93	22	56	95	-19	-45	-29	97	12	84	-79	-5	70	2	-87	-85	62	-17	35	-87	-71	-42	19	61	45	-16	4	-60	-96	28	43	16	24	75	2	-65	51	-74	-51	-5	33	72	-47	16	-47	-79	13	47	-32	49	-41	61	74	67	23	21	46	98	-77	-41	-62	66	19	65	-88	90	80	-74	-91	-79	-19	23	-97	63	-88	3	-76	30	35	50	61	-57	96	48	-77	-54	80	-14	51	-57	-33	47	34	-8	-77	-45	-55	
-84	86	91	61	12	-75	-75	-59	-22	97	5	99	-53	27	18	53	87	-88	7	76	94	-1	-81	-54	4	73	-35	-78	52	39	40	26	-36	58	-15	66	37	-83	-27	22	-41	-44	-24	17	-80	0	-1	-48	-44	85	-92	24	-71	47	-98	34	70	-72	53	23	97	54	-5	41	-12	-64	30	-33	-49	53	54	-90	-18	-23	-3	5	26	56	65	85	75	-81	-90	8	51	38	0	34	95	43	-59	4	-60	21	-57	-7	-7	-90	-7	-89	-15	-15	61	-87	-62	-55	30	-59	-71	-20	38	-65	67	-48	10	36	-17	-41	-5	-35	-10	94	54	35	86	-6	86	-26	
-30	-84	64	66	77	-12	40	-54	-41	95	54	-73	42	20	54	-39	73	77	96	71	54	-8	-82	49	-63	23	-31	-61	79	7	-80	-69	-69	-91	-93	-91	97	42	14	7	-40	98	78	45	-44	42	98	-31	-62	38	89	-55	-81	70	41	76	-59	53	-37	98	-55	58	55	25	64	77	-45	-91	82	-25	90	57	-79	-90	-13	-49	-32	-25	49	9	-66	70	-23	89	-27	-33	67	-23	-5	-14	-54	90	-76	27	-19	43	27	-97	-79	59	53	-81	-36	19	70	64	-1	16	22	55	-83	-27	-15	64	-14	58	17	40	95	-46	-44	-95	17	27	-6	33	-84	-52	
-36	-51	92	70	-52	66	21	17	-75	-15	27	36	29	-27	29	18	99	-67	34	-5	-99	-37	37	-90	71	9	52	-88	14	48	-98	-12	91	42	21	-11	-23	-45	7	77	-92	82	-83	79	38	-44	-97	-86	-39	-13	-80	85	-76	-16	17	15	31	-6	71	15	64	50	-19	-1	-69	23	-90	56	-90	3	-17	-68	67	-18	64	52	-96	94	-42	26	62	12	9	24	93	58	-49	-15	-5	-58	-19	-55	16	83	97	-70	10	69	4	18	-24	64	-7	-41	66	86	14	-5	43	-41	-50	56	47	32	70	-4	83	-19	-1	55	64	-56	-35	-12	-3	22	66	18	
56	20	-58	73	45	-32	57	17	-80	3	-36	45	-70	-96	51	5	70	-86	-53	73	9	-49	96	40	41	44	-63	68	-62	73	-83	72	55	85	75	-60	68	2	-76	94	-90	98	-80	-39	-35	-7	-43	-24	95	-59	72	6	-81	58	-55	79	42	54	96	69	10	1	61	-55	39	30	-86	4	-48	81	-66	4	89	36	4	-20	-34	19	51	-55	42	-54	-25	-52	25	81	-45	-4	-49	24	-46	-20	18	-80	18	-12	-73	-45	29	-24	-82	97	-96	13	42	-50	-34	-73	14	-74	40	49	-57	-64	-95	92	-98	-4	44	-91	-7	79	-16	-45	-57	19	-11	-63	
14	59	19	-38	-93	16	-63	-76	54	-15	7	-5	-85	-13	-44	-68	7	71	83	-49	55	-66	-25	41	-49	-2	69	-24	83	54	18	37	-54	56	69	-66	-23	-42	26	80	-44	83	93	-72	-96	-3	-53	-44	-52	97	10	45	99	33	27	52	99	-88	-46	68	91	-61	15	4	-10	-40	69	57	-77	-46	56	27	38	0	-28	32	44	15	-51	79	26	85	-9	-16	84	-42	18	0	-36	-45	20	-87	23	-76	27	39	-30	0	70	-25	84	-99	88	10	-3	93	85	-92	-88	34	79	68	-49	49	-37	26	94	-75	-80	59	46	10	-38	-92	-26	93	52	67	
-33	21	46	-96	-76	-75	-62	-91	43	43	60	-11	-14	-96	17	67	-35	74	-91	22	46	-27	-87	20	-24	-16	-51	74	-32	-83	85	-5	95	2	-53	-58	-77	-12	56	-99	-1	-68	44	-22	65	30	60	-23	18	-47	5	-28	-91	-51	-77	-80	18	-83	44	43	62	12	-13	35	-65	59	39	57	-28	83	11	36	16	-92	76	-22	-60	65	-22	-9	-34	-63	-56	-57	-81	-45	55	-73	52	-84	-4	19	-93	42	89	7	-72	-49	-43	-68	50	-20	95	82	-63	28	25	-84	87	-85	30	-4	15	-34	-64	-86	-68	24	-4	14	-25	-34	93	20	98	-9	98	-83	
19	76	72	-1	-73	7	84	96	16	11	54	-42	-89	32	69	-5	-33	75	97	-49	-55	0	-77	49	-31	7	96	89	-5	76	-37	-15	16	79	-20	35	36	-66	36	11	-80	-57	-20	13	20	-4	-23	32	-15	4	-44	62	-79	47	-48	-87	-29	56	90	78	10	-21	7	-29	-69	-9	78	47	-3	25	-4	31	56	-34	8	61	0	57	-88	81	-72	-75	-65	-60	16	72	49	6	43	7	58	-22	3	69	-70	-53	-44	45	51	81	94	40	61	-4	92	-55	-32	-12	9	79	-87	74	65	-44	28	-87	-83	-69	27	48	36	21	33	5	-70	26	-73	-40	
-23	6	61	-77	-73	-40	-23	-71	-48	81	-29	28	74	8	-59	37	84	-38	-89	-94	66	-63	-79	2	31	-13	21	12	0	-47	-73	47	80	7	-5	-31	-93	-14	-33	-4	51	-28	-62	71	-65	-79	-55	47	63	4	61	-93	34	30	-75	-35	55	-50	56	37	-92	59	-94	82	-13	-78	77	32	82	82	1	87	33	31	-11	62	36	-2	-31	91	-26	23	-45	-67	23	-89	71	-85	-66	97	36	-84	-84	6	-26	-16	-24	8	0	1	28	99	68	-55	-1	-16	-63	14	39	67	75	70	-75	20	-57	50	-13	37	-35	-19	97	-78	88	60	18	44	-14	-92	
-96	69	-86	43	-22	36	-24	97	-43	34	-21	10	77	84	-25	-85	92	27	-27	82	2	10	79	-52	-35	-6	-36	95	27	57	-7	-75	-1	-31	77	81	36	10	51	-90	-5	-43	-16	-59	-22	97	-63	-85	-30	45	-34	-39	18	90	-68	-7	-28	-20	45	92	48	52	-17	-27	-6	-7	-51	15	0	-42	85	94	-4	13	-46	-20	-99	9	-62	17	-61	-61	-23	85	81	-43	-80	-35	56	-37	59	-48	34	-27	-46	65	21	-23	-55	19	-39	59	4	8	48	15	-7	17	25	37	93	-30	34	58	65	-30	-44	-76	-89	61	81	-96	97	-81	62	-46	-78	-22	
34	53	-62	-4	-78	55	-16	56	-49	-90	69	-21	94	-40	-47	36	-47	-33	78	-68	69	23	44	86	-83	-44	52	-36	-36	23	43	-17	-1	52	39	-87	-96	-49	41	-90	-64	-77	51	66	94	22	1	-79	-93	-34	57	44	84	98	-81	50	74	65	44	-64	-73	-27	82	80	-43	-60	-40	-5	2	1	95	32	82	46	-32	69	53	83	-8	62	-30	-3	-31	46	-16	20	-3	-33	53	17	-94	95	-87	34	-42	46	71	-95	-10	-39	94	89	-67	-35	-6	-57	-43	-51	83	78	-85	-50	-78	-62	44	-18	64	87	34	-3	79	-96	17	-57	36	78	-15	30	
-78	-33	46	-60	-11	46	23	-41	14	-29	-88	-36	-25	-97	43	86	72	-96	-75	-32	-56	35	-32	-86	65	82	5	-29	-33	-74	-58	-2	-84	52	-6	49	-67	46	-16	97	-51	-86	51	-38	45	13	25	37	65	24	78	90	61	48	73	10	-29	-81	-67	65	-85	-20	-97	-24	-51	89	-74	78	-69	-17	28	67	28	90	21	-60	37	-68	-91	0	93	76	-21	-6	85	85	-3	22	-53	-26	71	-84	72	46	-97	-9	40	61	-92	4	43	-94	-93	29	-33	-25	-99	65	15	-86	10	-7	-33	63	40	-58	-8	-34	-72	53	-24	62	88	94	-90	-68	79	-2	
-47	-93	37	-24	-55	-52	74	-37	83	-73	78	79	51	73	-26	-99	46	14	-96	-33	48	36	42	-25	25	54	18	-76	-85	5	-30	-89	1	-63	93	-6	-86	69	-15	-59	93	-48	-50	86	78	-51	-99	36	-96	3	49	35	-51	-16	51	-11	40	60	-35	-78	41	22	74	-94	11	-63	58	99	-7	-79	-43	-7	1	27	18	3	91	52	-88	39	-47	63	5	18	-31	-23	-40	-62	2	-83	-51	-31	-63	-59	-34	-55	52	-39	-86	23	-60	-47	-81	46	3	-55	-15	48	74	87	-9	-91	-65	72	92	-24	-45	-5	82	61	-33	-44	-7	83	-4	90	65	-27	
16	-86	-98	-65	-82	-22	-25	-6	-52	11	-94	-93	65	-12	17	64	-91	97	-13	85	-84	-64	-44	-72	72	-8	30	65	36	29	20	42	-96	53	-54	8	-98	-53	94	-43	61	85	-56	-38	31	50	-64	-15	-84	73	-58	78	6	3	-8	71	-49	60	-58	2	-69	-93	-96	46	-28	-20	-2	-99	33	13	1	63	93	-60	-26	45	-66	81	-50	-96	0	-69	-18	14	-23	96	17	-32	-35	66	-7	8	-54	88	-22	-87	-52	-28	-29	-25	-26	81	81	-6	-58	81	-88	42	84	-52	19	-80	-48	46	-6	81	46	76	-80	-48	59	7	-71	94	-85	-13	86	-80	
5	-63	-3	45	11	-80	-8	34	-10	18	44	89	-11	37	-48	35	-49	-17	-47	-53	88	-54	14	-67	83	57	-2	-60	1	67	19	-54	-5	-20	86	-67	59	22	62	1	-79	76	-9	-99	38	63	22	78	-41	-84	76	54	24	64	70	36	27	-35	-5	50	53	5	83	-7	85	4	94	0	-40	-9	-81	64	15	-49	-85	68	65	-66	60	73	16	-59	40	-33	-28	95	92	22	-62	28	-24	38	21	38	82	78	92	13	-1	17	-41	94	75	41	93	89	69	-58	-36	23	63	-22	91	-93	-34	77	75	-12	40	92	26	2	60	89	-13	20	-66	37	
-29	5	-92	42	53	-22	-12	79	-95	38	-99	-56	-92	-41	-18	-19	-60	15	-6	-24	-17	6	12	20	23	-67	39	35	-52	-42	59	22	-38	-24	0	8	-95	-98	4	67	-30	50	10	-4	-17	-36	60	-96	-49	46	21	18	-21	29	-87	57	35	90	96	11	93	42	-58	7	-62	-8	-61	-5	-95	-12	34	4	-80	-18	93	93	29	96	-25	-47	10	76	86	5	19	67	90	-27	22	98	-27	-58	79	95	-59	97	2	-92	10	73	-19	34	68	-32	-59	-9	-74	-94	75	-63	-36	-7	37	30	0	28	-47	33	28	9	99	-25	39	-32	12	0	55	-42	
-58	-91	79	30	85	46	-32	52	75	-9	48	80	-36	65	-39	87	-32	-7	1	91	4	-52	45	-24	82	38	-75	48	2	59	-73	-42	-29	-18	91	-21	-50	-88	-79	72	46	48	-33	-88	62	29	-46	93	74	9	76	65	-5	-27	18	-1	-62	-41	-98	-32	29	0	37	54	-9	81	-47	-64	4	40	95	91	43	-53	15	-58	-3	-20	-56	4	90	54	83	-93	66	15	-79	-19	-91	-20	14	3	41	57	1	-66	98	-33	96	-74	64	24	99	70	-19	1	-21	50	-31	64	21	-77	-56	-54	-89	-14	-21	-49	33	15	62	38	73	50	97	-90	98	-90	
-29	58	-76	73	-15	-70	46	-5	-6	-95	-33	-89	61	52	98	65	91	-46	99	-17	46	-67	-77	4	68	15	-45	-35	-35	17	-87	-61	9	98	-31	75	-55	-25	15	68	28	-37	-92	84	-16	13	-40	-34	-85	-11	-48	-49	-29	-88	-3	-31	-92	-62	-45	63	-52	17	2	-95	-35	-8	-44	40	-84	-73	37	24	-25	-65	-84	36	57	34	56	3	-39	27	74	-61	0	98	-39	70	60	39	67	-86	-32	-40	1	-32	7	75	-31	92	-23	-20	-17	31	29	-78	-2	25	36	75	60	-81	71	-1	97	-85	88	87	-47	-86	45	-24	81	-83	-66	59	18	47	
-2	43	-94	-72	85	-39	81	60	-94	-75	-86	-46	68	-31	-50	-79	-79	4	-2	59	-39	-71	27	-99	-68	-2	-84	10	-57	-95	24	12	-1	-32	96	91	41	60	46	-95	86	-72	97	-27	81	62	2	65	95	-7	89	-31	66	-3	-3	31	47	-63	90	51	18	-81	-92	-75	43	-32	38	-67	-59	-20	21	-55	-7	65	-61	73	-33	-3	52	66	-14	-84	65	-8	-21	-90	32	63	-16	40	96	61	-19	7	43	23	23	13	58	69	-2	-74	57	25	17	55	-31	-42	-32	-26	75	37	8	-92	76	-97	73	64	60	8	59	-90	83	-44	-35	-96	71	61	
88	97	19	-95	-18	27	-53	-8	51	54	36	3	21	85	84	24	-4	90	69	20	97	18	35	15	-30	-26	21	-41	-80	-39	-25	-89	38	9	65	-98	29	-65	0	-7	3	-48	14	-70	-19	63	-26	-79	-84	27	70	15	46	-67	14	28	-60	45	69	73	-77	86	41	23	-5	78	28	-26	-26	-21	21	13	-78	60	-78	88	-22	63	-91	40	-89	72	64	-43	-45	-87	-66	-51	-11	95	-46	-48	10	-84	-2	51	47	60	26	5	-20	-41	45	-34	5	97	65	-23	61	30	36	6	-56	98	21	6	-48	31	93	-53	-47	-1	-99	-40	-36	-23	51	-7	
99	95	60	-66	-1	-5	-67	-44	60	-79	22	-20	-90	82	77	53	-98	-2	-54	71	-70	-54	-35	56	96	-7	-59	80	-76	94	-55	34	0	-63	-9	14	-63	-21	-18	-97	69	-36	-85	29	-30	18	28	-42	-41	-87	92	82	21	5	37	6	-60	35	59	10	-93	27	33	1	-27	-29	41	-79	19	-54	-92	-15	2	1	20	3	-91	86	3	4	80	55	-49	-88	-23	76	-2	-19	-95	66	83	32	-3	-4	-61	89	-93	-67	31	-62	49	22	35	-7	66	49	46	76	-3	-8	40	-58	42	80	84	31	86	84	99	7	-69	66	41	-17	75	-60	-22	-54	
-47	93	29	64	-30	40	44	46	55	-80	60	44	22	55	75	13	96	6	84	-93	23	96	-33	-32	59	41	62	59	-42	-34	76	-93	58	-49	-22	-9	28	65	-3	5	-63	86	84	-14	-64	-96	0	-64	93	5	-8	-13	75	-1	-29	-93	-57	21	-29	67	-88	-85	57	-51	-67	18	74	15	-62	27	26	39	5	-76	-1	32	12	30	71	-24	-41	17	-77	-16	52	-35	68	14	-40	60	-86	-82	-13	-72	-97	-26	42	5	27	11	17	62	-26	-11	18	59	67	-7	6	17	79	94	91	-93	-73	-2	-55	79	-40	-51	-65	-67	4	-65	-6	-65	29	-59	
-11	-91	61	-78	57	2	0	59	68	-50	54	-82	1	-50	-59	-3	-66	10	-39	-48	-49	97	-7	67	87	47	36	54	-29	-19	-18	14	-72	64	-64	11	-14	-15	-69	-49	3	50	-30	76	12	51	74	-20	-41	10	1	71	-34	41	72	63	92	-14	-21	-86	41	69	55	-14	-77	-54	49	98	63	42	-34	-62	-75	1	22	35	-28	31	49	-32	-73	-9	63	-10	-98	17	14	-11	-59	39	-3	-96	82	67	76	9	-37	-76	-25	-82	42	9	-30	99	-37	-70	64	-24	-98	81	-95	76	-61	-37	-90	14	71	-94	48	91	-83	29	-85	49	-98	58	72	30	
-39	-72	-40	19	14	-65	10	51	-23	-44	86	-43	-75	82	-41	-81	80	-14	43	36	98	-71	-10	53	55	45	94	78	-43	-69	-24	16	7	-29	16	60	19	75	58	67	-82	6	-5	-98	96	36	21	-30	88	-31	29	-23	74	-81	-32	-97	-65	-43	-40	23	13	62	-64	-15	-55	-9	-37	-32	-83	48	-14	34	2	-54	23	35	36	24	93	5	-86	33	-99	-39	-84	-54	-86	-82	-17	34	-65	82	-19	54	-49	62	26	63	-65	60	-42	-52	-54	20	22	16	-29	-40	60	-13	7	97	-27	-59	67	94	-37	42	-84	-14	21	-97	85	-51	-84	8	96	77	
-18	67	59	-46	-11	87	55	-53	-88	-79	-40	-24	-98	-20	89	69	85	-96	2	-40	35	-61	84	19	-17	51	32	-38	-7	-29	-55	-8	-39	-36	-99	8	59	77	-36	-68	98	-15	46	65	-63	-54	-96	-62	-18	-82	-78	5	-11	-33	31	54	25	12	27	-81	75	61	49	59	26	-37	-83	98	77	-95	36	41	22	89	-34	92	5	-33	-80	-25	38	67	57	-20	48	-46	-68	2	93	-44	-61	-89	-93	-24	19	36	64	-30	20	-60	18	57	47	-82	-50	72	-15	-81	88	86	6	16	26	49	2	-67	-68	11	35	60	-20	0	50	95	-38	50	57	72	
18	-82	-82	92	-30	-70	-49	55	-67	56	-89	-8	38	29	30	-30	74	-20	-19	59	-20	-67	12	39	-31	-49	4	-4	20	-37	38	-98	-84	73	-35	5	-66	25	47	-62	17	55	73	63	-49	44	-71	-4	65	-63	-13	-7	45	-63	54	75	-89	-92	45	-55	59	-82	-46	90	-15	-15	-26	60	11	16	1	-88	-77	-4	87	-17	63	81	37	-24	81	-84	65	31	72	94	94	67	15	94	83	-53	-62	7	10	55	22	99	36	68	34	86	-50	0	-77	-72	-57	58	12	-22	48	-14	69	62	0	18	49	16	-11	-69	63	-1	71	-92	-77	58	-44	0	
-42	-70	96	-29	46	97	-14	49	-12	49	14	71	-60	-20	-6	-69	34	43	-80	-77	-70	-87	97	13	-91	96	-8	0	50	-76	93	-57	-88	11	-72	-99	66	78	28	76	6	-77	93	38	-50	-51	-63	24	8	24	-75	27	-67	9	49	66	10	25	25	98	-29	-71	58	48	-82	52	52	55	-89	14	1	-98	-28	19	-87	81	-20	-13	0	-1	38	-96	37	-62	-67	-17	-9	-36	-92	43	-26	0	-29	80	-79	15	39	-12	-14	55	-2	-54	-40	-54	98	-16	-26	26	34	-36	93	-35	67	61	-25	-15	88	96	-11	-65	3	38	98	-84	-76	50	-76	53	
-37	76	30	47	64	-52	97	-90	-99	30	-97	33	-39	94	-22	62	-14	78	82	-68	-20	26	-37	-18	-49	-89	66	24	-59	76	-18	92	29	82	-48	9	-70	38	-4	0	8	52	-64	84	46	4	51	-2	-72	-91	34	-41	-41	67	40	99	9	76	-79	97	73	42	-54	-5	80	-99	-54	22	-24	40	61	-66	-42	96	54	-99	98	57	-86	-31	-63	85	75	64	1	16	-48	85	24	64	78	11	-57	34	34	-13	0	19	-58	26	93	22	-77	-84	93	-85	-64	5	68	-68	-8	-52	-80	-35	-8	50	-57	-94	84	-88	80	-6	73	70	-54	-44	-20	23	
-72	-43	20	85	-18	-64	-59	36	-78	35	5	45	96	-74	89	-73	55	-46	-62	-9	64	87	78	-14	18	59	-7	87	45	23	10	1	66	-97	31	61	-80	-70	-23	66	-38	69	-30	-52	69	15	-24	-96	-15	71	-1	46	32	92	-5	53	-36	92	-30	99	-24	-78	-82	43	-20	48	98	-7	64	89	-61	-17	16	-21	-58	-97	34	-86	54	-17	-95	0	61	75	10	46	11	-73	-77	26	-14	-21	51	20	-89	-36	-56	30	47	94	-74	-32	-8	14	-52	72	16	-71	0	77	82	-26	-1	-7	13	-9	-45	26	0	-90	-84	75	7	-73	-43	1	16	15	
-87	22	75	-93	25	78	-63	34	35	0	8	6	-28	-28	39	65	17	-80	71	-69	44	26	-19	-6	69	-1	84	-81	-67	8	-5	86	-65	-71	-91	85	91	46	-23	-17	-63	-22	-78	64	18	52	-51	-2	-56	57	-66	-86	-57	-21	-89	-24	9	4	7	32	94	0	27	-65	-29	35	-16	57	-58	5	-21	-4	-81	-69	81	65	90	-24	-72	58	64	53	-19	-6	-93	-29	46	96	98	19	-18	59	53	-83	25	-31	-86	-23	99	-40	45	58	-7	22	71	88	29	2	35	-13	-78	54	33	-27	11	-28	-88	52	-44	4	20	8	96	36	0	44	-98	48	
28	67	94	-47	33	82	-26	-44	-83	-99	-15	-63	89	99	58	-22	26	-29	-88	54	-28	-2	-27	-4	51	-42	-91	86	65	20	84	-13	-88	82	71	2	25	-57	3	-15	16	-25	67	93	97	12	-60	92	-20	78	-63	94	37	45	-16	99	-74	45	-36	78	3	-66	-69	17	37	-37	79	45	87	62	55	88	38	-75	71	59	48	43	-88	11	-7	-77	31	-7	18	74	-83	7	0	95	-39	-50	83	57	-5	-48	-68	-51	-1	22	-80	44	63	36	37	38	89	-17	-34	-96	-95	4	22	15	-18	-46	38	13	46	-16	32	65	-96	-97	8	70	90	-71	
-34	-88	-28	2	29	-20	16	-64	44	-21	11	22	64	-27	-72	-19	88	59	93	84	-29	3	93	46	96	29	-38	30	49	9	-59	-27	-87	65	0	8	57	26	-30	-92	-92	-37	78	37	29	-48	79	36	66	-52	-54	-99	75	67	98	-83	-33	24	-39	-38	-13	-9	66	-11	51	50	27	-21	-26	-11	-48	18	18	-45	9	-30	22	-66	-89	-72	-45	49	75	79	11	30	-89	-45	-95	-22	-25	26	44	39	23	-25	-89	-45	97	70	-20	72	52	-73	59	52	48	-88	-24	77	-95	71	28	-1	94	-87	23	-27	29	-24	-96	-77	-59	40	98	34	-71	-30	
-75	78	55	87	-76	59	67	-98	63	60	45	10	70	-41	55	-46	-55	51	-41	46	4	-75	92	40	0	-30	5	-93	-38	70	-6	75	-92	76	-68	-2	79	48	-54	79	41	-53	-54	-74	-33	89	-64	-4	94	-41	-55	91	77	-58	32	87	-51	71	-90	2	94	62	60	-19	52	21	-9	-46	55	70	94	12	-1	-55	34	-15	0	-91	49	67	-76	60	52	75	-64	-95	55	56	95	1	-20	-62	46	81	-68	-48	88	-33	68	-99	-7	-42	-54	23	-13	31	41	54	98	35	87	15	96	-67	-62	48	13	35	41	68	35	-88	-44	16	81	-14	90	95	
-82	-3	-29	-65	43	-13	64	91	-85	28	-26	-28	-99	80	-76	-28	-90	55	-84	65	-25	63	64	89	39	82	65	-77	-5	57	-86	-44	70	-52	71	85	0	-38	7	-65	48	12	10	-29	99	53	25	66	-48	-53	-39	21	38	-55	-91	92	-20	-5	-98	2	-73	-87	5	-45	-75	-30	88	54	14	25	82	-49	-26	-36	92	-25	-99	-16	-17	-62	-64	59	47	-32	74	-23	-78	-10	30	32	-42	41	22	-49	-75	-36	8	-97	60	22	38	-43	-70	-73	5	23	-15	-40	26	82	-5	-93	-14	-22	-71	61	41	78	11	-64	60	-67	56	-18	-48	-35	70	-20	
-71	63	-90	4	-29	-95	37	-8	2	-78	-86	44	-48	-93	13	-7	-7	79	-94	-80	18	-16	90	6	-4	3	-84	-30	32	2	36	81	79	-44	-45	2	-4	-71	47	-39	17	47	95	33	0	-24	49	35	18	7	55	79	-79	6	84	83	-40	3	-11	66	-28	-51	0	-59	-17	-86	27	-84	-71	37	-87	-57	-6	67	-52	80	80	-11	-21	-3	40	63	6	77	41	-85	-39	-60	-58	-15	-18	-43	-31	31	-28	-43	-75	39	9	-62	36	31	41	25	23	62	37	-40	12	-73	57	-13	-79	65	25	39	-27	-41	-66	20	-59	-31	91	69	-94	48	63	35	
-17	32	31	-56	98	-79	68	53	-85	-76	59	32	-39	56	93	-98	-95	5	-5	37	-63	19	67	-11	61	81	36	26	93	-30	-78	0	-62	-5	-72	75	59	-71	-72	83	-73	6	77	-84	68	-60	-47	-24	70	-30	24	30	52	-65	-35	-10	-12	69	1	63	72	-72	-36	-82	-30	-1	21	-93	-88	2	-59	83	-33	-13	-9	-60	-52	-6	-32	-98	4	20	86	-55	-76	49	-74	58	88	-98	-52	-32	-94	-96	-78	-41	50	-63	79	15	-29	94	-1	15	28	-91	75	36	-13	47	-82	-29	54	73	-12	92	-56	96	90	-51	-28	50	-18	24	-74	79	-64	-93	
-1	55	58	58	37	-24	70	50	70	-54	91	-75	-55	27	-15	-90	91	34	-45	-16	99	-62	68	-21	66	30	-58	27	-60	33	27	-96	-20	71	-74	0	-81	44	27	40	-92	3	-76	16	37	-16	-76	86	42	62	-97	-43	77	-28	-4	-2	90	51	-87	-56	-21	-44	-37	47	40	48	76	68	-30	-61	68	-87	-20	-77	10	-88	10	34	15	78	94	-97	22	27	17	43	-56	47	73	41	62	-19	14	-71	-38	89	-33	7	7	-12	-28	-13	38	65	-38	-99	-88	-77	-76	-84	-54	51	16	-95	46	0	-15	-10	-27	21	-82	-69	-39	25	99	81	87	-93	
-44	-80	-47	16	-46	73	-54	90	-15	-11	-58	73	-50	15	-91	93	96	77	6	-10	72	-78	-30	67	28	3	-67	48	34	-7	-71	13	78	-15	88	-40	-13	91	-39	40	41	58	19	78	22	-31	90	-65	-92	-56	-10	93	-19	-66	-46	-77	-49	-49	95	25	65	63	58	-27	61	30	83	-94	-11	-64	-18	98	30	39	26	94	-78	-50	39	-86	-12	-24	-96	2	31	69	61	21	-18	20	-81	40	24	47	20	68	-54	-85	10	9	6	95	-98	14	-32	-14	-1	25	49	-45	58	-59	-5	14	-83	-61	-3	61	-28	-22	-62	26	-95	-45	-29	18	3	-52	
-21	75	-42	47	-96	-51	88	37	62	18	19	-53	-53	-40	-1	64	-62	80	28	54	91	-1	-31	83	6	2	65	-78	-31	27	14	-8	-35	-85	-19	-93	-97	-90	85	73	27	-68	-35	-10	68	-99	81	-63	-47	-32	40	-29	72	18	-97	-52	-71	-16	-71	25	-68	74	88	69	-89	-6	31	72	-58	64	-86	-79	89	-68	26	-51	74	-47	-18	-97	22	-90	-90	61	-4	56	-46	53	83	99	67	7	-80	3	-75	59	8	-55	15	51	-47	14	96	33	-41	-93	-87	-1	-11	-19	-8	-87	31	-19	-64	69	-82	-8	55	-10	78	56	59	-85	-65	-60	-86	42	
95	67	36	-22	-77	-49	24	-33	18	19	51	-52	-61	-42	64	17	50	-18	-26	9	-75	39	-73	53	-14	72	-77	33	-89	39	-13	65	45	54	28	26	-25	-54	90	-41	31	21	38	52	83	-84	51	11	85	20	32	68	-17	7	-33	-64	14	-77	44	83	72	-27	69	-73	8	19	92	50	-13	-21	58	-62	-74	76	21	-50	-79	-22	21	54	88	22	64	94	35	27	52	18	-33	50	-58	5	82	89	22	-85	20	-47	-84	17	-9	-65	37	93	33	30	47	-32	14	-85	-20	-50	-82	-28	92	38	41	67	-42	2	-55	71	71	33	-29	73	93	42	
-25	93	72	71	-90	-96	-51	-12	34	9	-38	42	17	-69	43	-37	-37	86	18	-75	99	-45	22	-9	-92	-66	-65	-2	76	44	38	87	15	37	-34	-94	87	36	0	-70	-16	78	-44	-15	55	91	92	21	-4	93	74	25	30	-23	7	26	-29	56	37	-98	82	-38	20	85	-21	68	69	8	6	33	76	88	-68	35	19	1	26	79	50	76	-47	70	41	20	-14	13	17	52	50	94	-24	23	-87	-2	-19	13	-26	36	-67	14	62	-76	33	69	-68	52	12	44	-82	93	28	-72	-95	-21	17	95	-67	-63	1	35	1	14	-19	16	-56	-54	69	-90	
87	-78	51	-40	97	-22	40	72	0	58	97	20	37	-42	-54	74	-48	2	-29	73	49	-81	56	-35	-44	28	-21	-50	-75	68	-29	27	98	28	75	-10	0	-18	-49	64	-48	86	93	-79	81	-2	45	39	62	74	72	-13	-29	-80	38	-24	-89	-7	-99	3	89	-43	38	-29	54	89	-92	51	-86	-4	-77	-62	90	-1	-11	-23	-13	86	53	-3	-23	87	-98	41	22	13	-73	70	49	5	-79	-13	-99	-47	-67	-12	46	-58	42	-33	96	16	-75	-36	-9	-89	22	84	3	-78	-33	65	94	-75	26	0	-56	43	6	59	73	-7	4	21	22	81	-42	-86	
-21	72	-23	21	-45	66	48	71	-26	-69	70	-41	42	-52	-21	72	-52	94	-21	-10	-32	-69	-54	-54	71	15	-18	37	83	49	-80	-52	-18	64	-62	9	51	79	23	-37	-61	39	13	-44	-18	-53	68	-87	4	-82	25	-65	74	-33	30	96	-27	-75	65	37	-65	86	48	-76	-76	70	-1	-30	85	78	-38	-59	-62	6	5	15	90	-60	-78	-42	-94	-7	52	76	-53	5	-80	9	-2	74	15	34	94	-95	83	-78	-54	-78	-27	-48	8	-76	73	83	-53	38	99	-74	-20	70	11	85	39	-76	-69	99	33	-18	60	-33	63	87	96	-61	35	24	84	64	
-73	-90	68	24	-16	-7	-47	94	16	-78	47	-33	74	29	-18	34	-86	38	-17	8	-56	14	-60	-66	-94	45	-87	-23	39	73	51	1	36	44	1	43	21	12	69	14	27	8	-41	-29	-89	-89	-65	29	-81	-11	-79	-91	-63	-85	35	0	-10	29	-44	35	16	-77	67	87	-33	-83	52	12	31	0	-49	32	-12	67	-24	94	-79	75	-31	0	13	76	-62	33	89	-63	-37	2	10	-62	23	79	-81	-6	-21	-28	-41	-51	-44	1	69	-76	-13	60	-99	-13	31	-81	51	-28	-45	10	-12	-95	-98	-94	-13	-78	0	53	13	-25	12	13	46	-40	-50	-31	
-64	75	74	-83	43	66	-52	46	91	13	-30	70	-20	-21	-65	88	30	-92	84	44	89	22	-35	-58	92	-81	2	-51	-18	48	-76	-12	0	-63	84	64	-18	66	-7	31	0	-73	20	-28	-49	-73	12	-84	46	1	55	56	55	-31	-99	13	79	1	16	41	-57	-95	-3	-86	79	-81	56	-64	12	-78	-61	-63	83	43	-98	-16	-50	-78	-44	56	4	-62	-78	76	25	-7	-47	-79	-87	-81	11	94	-61	19	88	-33	64	5	73	-38	36	36	15	69	-42	93	0	70	-59	71	-17	-92	51	-29	82	26	-64	6	-30	-86	78	-81	66	92	93	77	19	-97	
-18	-98	-97	71	-86	-92	58	-92	10	19	77	-54	78	85	-52	-71	64	75	-93	74	28	0	-98	-79	-18	37	-61	69	75	-40	93	-2	80	71	-76	-56	-65	95	-1	75	24	18	57	-28	-98	-64	31	2	44	-88	-23	-77	-5	-55	50	-29	44	63	90	37	-63	-85	69	9	64	-86	45	-28	-91	60	67	19	-40	16	77	-24	55	-38	48	-42	-48	52	95	-48	-21	-79	-2	-3	32	25	76	-53	10	-60	-90	-23	30	35	12	63	-44	-73	-92	-40	-99	-37	-67	-60	-85	88	23	65	43	83	-84	-41	-93	78	95	-14	37	-74	-46	34	7	-59	-38	39	
-77	-89	-73	-94	48	3	92	42	-25	85	-3	-6	47	96	42	71	-10	33	-46	-1	-53	42	-78	78	52	78	-87	-69	2	-24	53	15	11	98	33	-3	59	35	81	-92	-80	-93	7	54	-80	5	-29	-48	-25	-49	49	96	50	-50	48	18	17	-49	26	85	-86	92	15	-8	91	99	62	54	-31	97	51	60	26	97	65	12	-25	-18	-49	33	-88	-34	-31	-67	-96	-42	-79	-21	-64	63	53	32	-31	23	-33	74	-40	-75	52	-86	-7	0	35	97	-44	32	-87	-32	-70	3	64	28	-89	81	99	-42	0	97	-20	-38	-6	65	-86	-64	6	-12	-97	-31	
-96	32	-84	-6	20	-71	2	-56	-31	54	-72	-77	37	-52	-82	-25	48	-78	-35	68	91	0	-4	54	-82	-56	-78	36	27	54	77	92	-40	10	-58	34	-74	-95	95	14	-57	36	-8	-2	-17	-97	87	72	-63	6	64	-75	-79	-17	71	-8	-5	-67	20	-2	78	84	-93	-97	38	34	0	-93	-31	-58	-93	34	14	17	74	-25	22	22	66	-28	-78	11	23	-11	15	60	-40	-60	99	41	-48	-78	-28	-90	-75	2	-32	84	71	-61	17	99	67	-63	40	-91	23	63	73	-97	-75	54	-18	14	86	27	48	64	90	85	-84	-23	-50	11	43	-24	-61	77	
72	-68	18	-17	78	85	-13	4	51	57	66	76	-30	80	34	70	-1	17	89	-90	68	89	50	31	-72	-54	-61	0	-35	82	-41	-76	-94	-66	-81	4	35	35	-38	-90	-58	-1	79	-63	-85	-35	-2	25	10	85	51	-44	38	-28	-97	-90	67	-80	96	12	41	-12	11	45	-32	16	75	73	92	-41	24	50	-75	41	25	5	4	-15	-58	-41	-94	77	-71	82	56	-57	6	27	-89	5	-25	34	31	49	61	35	-1	-24	-66	-39	81	6	4	-21	-5	-61	40	12	96	16	56	64	-15	33	46	56	-22	-18	52	24	17	88	-84	-32	-65	-41	99	-31	
45	48	-42	-22	22	-42	32	-32	-4	11	-24	73	44	-15	20	-62	-64	-9	-18	22	-25	67	83	-11	23	81	-71	41	-21	-11	-55	60	36	29	5	0	68	40	19	-95	-78	94	35	-69	-95	50	-58	74	-32	54	-59	20	-73	-83	-67	-39	59	-99	-72	2	1	22	63	58	-5	-37	18	-96	21	-36	61	-86	-60	-18	6	4	-26	71	27	-89	-94	-49	35	-4	28	96	16	14	-73	13	5	43	-96	25	-95	8	44	54	-6	-39	51	-75	74	49	-26	31	-80	-15	-92	51	58	-81	20	-85	-45	12	-15	-17	-81	89	-80	-91	-98	-40	-50	-30	55	-62	
98	2	75	-92	7	-32	-27	-48	46	72	97	87	57	-59	80	-40	72	22	-62	41	-76	61	48	-15	0	91	53	-48	48	78	80	-59	14	-55	0	-49	-23	83	72	-69	91	-74	-44	-10	-82	-25	59	71	-70	-53	-23	-50	-13	21	89	-9	8	-28	-10	-48	-30	-58	11	15	56	56	-23	-82	96	25	98	-17	22	-10	39	-76	85	-60	16	-81	48	-56	0	-12	-93	-82	77	50	49	-84	-72	58	-95	-5	-50	-88	-80	-22	86	-76	-25	-76	-62	53	91	51	-50	24	32	-61	-20	-85	98	32	-94	17	19	25	71	44	20	-30	57	-68	36	-76	31	-60	
-21	67	-53	-91	-29	-57	51	-67	-48	-94	-5	0	-44	54	-42	9	-59	-82	12	40	94	94	50	-69	-63	-8	-78	-14	-89	54	34	46	-92	-61	6	-98	-50	-49	57	3	35	41	76	40	-27	-48	-9	59	78	-6	-74	88	-48	77	-9	-78	-48	-9	79	41	95	73	-87	6	-57	-50	-20	-9	-28	78	-23	33	80	-47	-44	-71	-77	-97	80	-81	20	-22	74	-65	21	-92	3	-67	-20	48	2	57	-67	47	9	85	12	-26	90	-93	38	8	-14	29	42	4	0	76	-67	-15	-57	62	-12	-8	31	18	90	-62	-55	91	21	-94	8	41	-99	-8	-61	77	
10	27	-90	-62	-25	-89	-20	-29	-80	-68	47	-68	-70	54	50	-56	21	5	33	-96	47	-42	-17	62	-48	38	-91	45	86	-96	-34	48	92	19	76	88	0	91	6	-15	35	53	-11	92	1	-85	45	43	-90	-15	81	41	85	-3	-90	-98	-23	-5	54	-35	-90	-96	5	73	-6	13	-43	73	-91	-21	46	8	23	-7	-66	86	-14	93	-73	66	59	-71	-37	83	-20	-11	76	39	-88	-77	40	-11	-45	25	27	-50	22	92	-17	40	32	-7	-74	-8	44	-69	-1	-42	41	-69	-10	-58	-45	96	-78	52	-88	-71	10	29	-69	-43	-82	20	-5	-95	62	4	
-8	-22	37	1	39	91	-56	56	-70	47	-38	80	-58	-63	-85	79	-20	84	81	-34	-62	73	-46	96	-82	-26	-64	-15	86	-94	51	17	79	-81	91	84	-41	-76	40	-61	69	94	45	-7	92	56	78	-19	-79	-22	15	75	-69	49	-77	-83	97	-31	-38	78	-91	30	12	31	-1	61	-17	-78	40	47	-89	-15	-11	32	84	84	49	49	-68	-4	90	91	6	-45	0	68	26	79	30	-91	26	-46	94	89	-79	-85	-63	29	49	20	-19	-42	23	87	-36	24	-6	-91	-69	-67	-30	-22	-32	67	79	-34	-79	48	-49	-60	-66	-53	-6	77	-28	28	-49	57	
-2	67	16	32	-82	50	68	21	-47	-11	-22	33	85	-14	12	-19	-47	0	-92	-11	64	61	24	-72	61	-30	24	87	77	95	-24	7	5	87	-91	-27	-59	-45	75	8	0	-73	-53	-85	-65	71	47	-12	38	-53	-97	42	20	-93	56	-85	-95	-85	-22	31	-3	-76	-33	-6	40	58	-91	46	91	59	-96	55	-54	-40	63	-15	77	20	-32	-87	37	-61	-49	-91	99	-39	-47	-87	39	-30	-54	-72	-89	95	-18	97	31	-35	-67	-24	81	14	-13	-83	85	-58	-63	72	22	-78	-1	-99	-87	-16	-65	-24	55	-27	-97	-73	28	22	-14	-48	65	-33	-7	-2	
-71	-52	-58	34	-19	-34	76	-99	42	-52	-72	49	-31	-56	-66	36	-29	25	-69	-5	26	-57	-50	-63	81	5	-67	95	88	-41	-61	-44	70	30	33	32	26	-66	49	-24	44	88	35	62	-86	82	-34	-42	-99	0	-59	96	-73	-17	43	4	-23	-51	27	86	-69	65	98	12	-31	-34	96	79	-45	43	89	-28	92	23	45	-37	-81	70	-61	-80	46	-34	50	63	-61	-36	5	63	-96	73	-99	-8	-64	63	12	-17	14	-4	68	64	-25	-31	-69	-32	84	59	67	67	-97	8	78	-71	80	-57	94	29	-73	54	-59	61	-95	-31	-40	97	81	51	-86	-51	
-50	-18	33	68	-11	-54	12	18	87	25	-99	-69	-31	91	94	-35	7	41	4	0	-35	38	-21	-58	57	-92	57	-89	-85	57	-79	28	49	28	-82	20	-38	68	-66	71	61	-32	80	62	57	49	15	-24	-50	-21	36	-53	4	-85	-99	-98	-76	-34	-55	-74	67	-49	52	-50	81	86	16	-43	-12	95	89	75	75	-21	57	-94	-70	-10	-21	28	-35	72	-57	76	48	84	16	54	-20	73	75	-53	63	72	27	-40	-19	66	-32	50	17	22	46	24	57	-48	-16	-34	69	65	12	11	21	-60	23	-39	98	-25	90	15	-98	36	-70	95	-81	40	-69	-29	
81	48	4	-49	1	99	-76	43	30	-42	53	96	-53	-80	40	-16	51	31	-4	10	55	-49	-75	-59	23	-62	-42	63	-47	69	57	-61	-2	68	-73	-12	39	-60	5	-76	72	-9	-49	-13	-20	-36	20	-38	-42	33	-36	95	-11	94	-79	-49	-61	70	-35	11	18	-85	-49	17	-34	10	48	-50	-65	29	-19	-1	41	-95	7	-83	10	20	49	54	-40	-58	74	0	5	-36	12	57	-61	-29	-63	-98	37	-37	-8	-22	-60	-89	41	26	-71	75	-52	88	41	-33	-33	82	-55	9	16	-12	16	63	42	60	-55	48	-72	72	-5	70	-94	14	24	-12	-59	69	
-77	-36	25	-85	-37	40	-74	-27	74	-23	53	-69	-12	22	10	-50	27	-12	88	85	35	-38	41	-42	66	-88	-2	-2	-44	-38	-20	46	-27	52	8	92	14	53	0	27	-12	-39	78	-81	69	80	7	89	85	2	30	-89	-30	-3	90	-1	-99	69	-85	51	21	-48	10	-67	-30	-41	-21	56	-25	85	43	-21	-79	71	-44	76	-57	-98	14	-16	91	-57	92	67	25	-88	92	62	4	-92	-11	18	-93	89	37	55	-66	-93	78	79	18	-76	-81	85	-28	85	98	8	23	2	-6	42	22	-35	48	-8	-86	28	-78	-4	-96	-98	-45	90	-8	-82	-50	39	
11	-77	42	-30	73	-48	-77	62	-94	-71	19	13	54	-93	71	-81	8	-46	96	-30	-88	26	-31	42	1	-69	-75	99	-81	-37	77	39	82	-87	-14	-52	-48	19	71	-9	-27	-44	13	-35	-39	51	-47	54	-27	-60	-60	-44	-43	-92	77	-38	-31	-10	77	-43	-74	85	-36	51	34	-5	-75	-6	-18	84	-51	4	-56	83	-12	-54	72	-59	-83	76	25	63	-35	71	-20	-53	30	59	-23	24	-21	73	70	58	-47	23	-67	78	60	8	9	-57	-70	-31	10	81	86	-29	92	13	-21	-16	-27	43	-48	72	17	-1	-45	-34	40	-91	-74	-86	7	-10	-88	69	
-25	58	68	-82	-60	-78	-68	-66	79	-86	-30	72	-24	-70	13	-83	55	-63	72	14	-81	-43	56	62	70	-93	-25	90	-52	65	-51	-7	-90	-34	-20	99	-44	-3	-7	-92	67	-78	-55	-94	80	25	60	-94	-7	16	-81	81	-62	-82	-2	0	-11	66	-51	27	-23	67	89	85	-41	-24	22	-52	-42	-58	-60	70	-89	-90	0	23	-74	59	-55	12	50	-23	46	-61	13	37	78	49	47	59	-61	22	77	-50	30	-81	52	-5	-84	-39	-37	27	-87	-86	20	33	80	20	-93	41	85	55	-32	-88	30	-18	-55	-87	-74	-28	19	79	72	8	-74	88	-77	1	
8	77	-20	11	-42	-21	76	-15	-14	-99	-98	-52	-62	87	-88	0	29	40	73	28	53	-36	50	-78	97	3	37	71	99	-90	-99	37	20	82	80	13	60	15	0	79	-23	-97	-89	64	-79	29	-97	12	-95	14	5	-60	-76	-33	-21	-30	47	-57	47	77	-27	-10	-24	45	-68	-46	87	-44	87	-96	-41	-5	-5	25	-35	-84	-13	91	-20	-61	48	-14	-18	4	-39	18	31	-69	-37	-93	53	-86	75	7	-14	-84	-28	-2	-61	-56	-11	-33	49	-82	-53	-10	-5	24	-74	-28	0	-54	67	-79	15	-32	-61	-72	21	-48	-31	-33	6	-73	-41	-24	18	74	
88	17	-40	34	-16	15	13	-15	-73	-85	-58	64	64	93	-20	-72	-25	-15	40	-71	56	49	-54	-66	17	12	-13	-26	-69	65	92	49	27	35	14	-27	-98	-44	-45	-84	-17	-37	77	-12	39	36	15	-53	-2	14	99	91	22	54	-49	-29	-87	-1	85	10	-91	-8	36	-52	-54	7	12	-55	86	-53	-47	-6	4	50	21	-66	63	22	-40	-90	93	0	48	95	-16	75	34	-2	-89	-79	-69	26	-73	84	-74	60	-76	-28	67	63	-23	50	-72	99	57	-27	77	-63	-5	15	26	-51	87	-31	-7	-89	-37	92	44	74	70	32	6	49	95	-94	92	-76	
29	-86	-54	18	-20	-52	-2	-18	-31	24	97	52	-90	19	44	15	55	61	29	4	-90	-66	-86	68	-86	6	-70	-80	56	-95	-47	-25	-64	67	66	-47	27	52	-49	82	-17	22	98	-99	6	7	-57	11	-19	19	-49	-45	79	-93	21	-15	15	29	44	72	28	8	-63	-63	-50	-71	0	28	-17	11	-49	33	67	-82	-48	-67	85	65	-99	-35	62	-50	-79	93	-4	-92	82	-23	92	-66	12	68	-12	-2	-66	14	-49	-43	46	29	93	-9	-99	30	-41	32	-33	55	38	9	47	-86	91	-29	-18	-93	-80	92	-86	22	-74	85	-59	4	-1	54	-41	49	
-22	-23	-89	4	-70	0	-74	-87	-29	-55	-16	-37	-78	71	-36	-56	3	-99	47	13	4	-77	87	-79	-41	-8	-98	-28	42	-52	-23	-89	-92	70	95	61	-48	-30	55	56	47	-7	15	78	-38	39	-91	40	-68	-74	98	-15	26	86	58	-82	12	8	-28	-36	17	-32	-56	-43	38	-40	-53	35	5	-64	16	-74	-88	7	20	39	23	97	-99	-55	-58	74	4	94	-31	77	57	-80	37	-19	-35	-95	82	89	-85	19	-44	-10	-55	-62	67	-90	-95	-74	9	-90	-52	-54	83	-67	92	-16	-33	-89	83	-31	42	78	43	-70	-98	-1	50	88	-3	54	-95	-35	
-48	72	75	-33	-24	7	17	72	94	-70	-80	30	-66	82	-6	-93	-42	-38	21	-40	87	-65	81	72	-14	71	0	82	37	80	-35	2	-92	99	15	63	43	-7	22	51	-73	-36	-76	45	87	-9	3	4	3	-13	-99	-73	57	-18	64	-69	43	64	27	85	-86	-89	57	-89	-53	-82	-79	-94	-89	20	85	-43	46	-52	20	41	-83	-1	-28	56	-93	-85	46	64	95	-41	-26	12	-96	-99	-53	-75	-74	-80	-19	-87	-27	40	-3	-61	-41	-34	38	-45	-11	3	-36	-53	-7	-17	-74	42	-77	-27	-38	-35	94	-52	68	-19	-93	97	-52	43	-40	89	17	-68	
17	-30	87	40	-87	66	41	-87	-7	67	-91	71	-23	-98	96	38	-66	-73	38	35	9	-32	-38	36	60	57	-18	35	44	-85	52	6	95	25	-97	-10	66	-9	67	2	5	31	-43	16	3	-80	-28	27	-69	-9	16	-77	-14	39	35	-61	-56	15	62	90	-84	-73	-60	-40	56	52	72	59	-67	72	95	47	29	54	46	9	-19	-47	39	14	-40	24	-48	4	-86	-74	-62	85	-85	87	-37	-14	-34	88	-53	-73	73	11	81	-40	43	2	89	-1	-27	-57	-36	-73	90	96	68	41	-66	-14	-71	20	-73	-72	9	40	-13	5	-74	-24	-44	-11	41	5	
57	59	77	96	-53	17	-46	56	8	-13	44	-50	61	-52	66	-9	28	57	0	-60	-25	21	88	-35	-90	-30	-89	-26	-93	-52	39	88	34	77	50	93	-19	99	-43	55	34	72	-69	25	81	-79	42	40	64	-16	10	-41	-27	-41	74	-55	86	-35	-30	75	-89	-83	21	61	44	3	-90	89	-37	39	-79	-24	26	-74	72	19	-55	-45	-30	-65	-39	33	-64	98	53	-17	36	-50	-4	-70	77	-90	95	60	98	52	45	-19	60	15	-59	97	-77	-9	24	-62	-72	86	92	-97	24	-79	-86	-36	72	11	88	30	61	99	-22	-91	-66	-65	-77	52	-63	-75	
34	0	-15	41	77	-68	-62	-75	34	-30	-45	-63	10	-75	99	-80	-14	44	-48	84	57	-63	25	56	58	63	-35	77	-94	75	7	-79	-40	-55	-62	14	97	-43	-20	-85	-39	-33	-79	75	19	-18	-58	-4	-26	-87	4	11	34	27	-7	-85	64	24	85	-68	2	83	37	59	-51	3	-3	-8	21	-45	-99	-30	-53	59	-58	-95	-67	-21	70	19	-31	77	40	-25	-73	-94	52	-88	-31	97	-80	2	75	55	-60	-66	0	-79	-33	-54	26	-78	78	88	19	3	30	50	32	2	-35	37	-16	79	-24	-7	87	80	56	78	6	-26	-38	45	37	-16	20	-11	
73	89	-29	-99	33	-85	52	65	-97	99	24	-10	-96	-38	-83	-4	45	-57	-41	42	92	-65	-94	55	78	31	4	-69	72	69	61	-16	71	-80	-34	-39	-5	-22	-91	43	-37	24	20	-45	-5	-51	92	73	45	79	32	9	27	-37	13	-88	-59	43	10	75	55	33	-46	14	-64	-74	13	-33	19	-11	8	35	-63	51	-19	40	-53	-26	32	-43	-35	-44	-5	-92	53	9	-54	-80	74	-95	-58	73	14	-15	44	95	81	-31	-69	-63	-79	-83	-16	-56	47	88	91	21	-65	4	99	-93	-42	-19	0	-86	-6	-18	-38	16	29	95	-70	78	-56	-49	-37	-40	
18	96	-45	3	8	-77	-51	-36	51	53	-3	13	-70	-19	-56	-92	-71	45	-26	20	-25	-85	44	57	-8	20	46	23	-47	29	54	-82	13	95	80	26	-65	34	37	-56	5	-57	-14	-73	-27	21	27	-11	-83	31	-74	24	-74	53	53	9	90	15	-51	-23	-94	64	48	65	-34	-50	-10	-51	-33	-48	66	-97	-28	-65	-4	-62	-33	75	-54	-68	-41	48	92	88	-4	-16	97	-78	-30	-10	-84	89	-3	54	-57	-45	92	1	44	-14	-29	22	48	-5	49	16	39	-55	22	51	-84	-29	-93	-13	-24	90	62	-32	18	40	4	-52	66	-90	-21	19	-90	-85	
83	26	-31	64	33	56	-86	70	57	-39	82	64	-23	-12	-84	54	-49	-78	0	-25	92	-89	-82	21	-83	67	-94	73	68	-35	35	-24	-73	-68	-97	12	27	68	13	-1	-54	-66	52	-17	28	-25	46	-52	51	46	-15	-90	-11	4	52	-25	77	-6	34	2	32	79	76	-3	52	33	11	-14	-34	-51	79	-96	-20	38	81	-70	20	97	-84	81	-1	-8	-89	86	-44	13	67	32	-15	46	-15	-63	-69	-37	-12	43	84	77	78	-49	-5	-98	-76	16	-4	-92	31	-60	67	54	67	44	53	28	37	-5	44	-71	37	-15	-49	-66	-15	33	75	-66	89	-97	
84	25	-7	68	86	23	-26	17	50	-60	61	-53	84	82	82	67	-9	-40	-75	19	-51	36	-84	57	41	53	-62	-91	-77	-72	57	-79	36	34	32	76	-47	-13	-70	-19	-39	67	-30	51	36	-19	-67	64	70	-18	-4	-85	-58	36	72	93	-79	16	-22	68	-43	-9	86	-17	72	10	-33	-33	98	25	-76	86	82	-16	-75	-19	-72	33	-2	-67	-42	55	-78	-71	-9	51	-66	-92	-93	-57	-93	90	5	28	-78	-85	78	-47	81	84	-15	-28	26	34	81	-91	68	92	-57	84	68	-7	-62	-54	73	87	79	75	88	-76	53	96	0	98	-61	44	51	-80	
-58	10	77	-76	64	13	13	-23	60	39	12	22	71	-6	-22	-40	-25	-16	-51	-63	-96	21	-70	-79	-15	95	-7	-52	37	4	49	-92	-47	33	-52	-67	-24	-61	-84	77	-10	31	90	47	-46	-39	49	-26	91	99	-55	-92	54	-26	46	-42	28	-26	8	50	29	-7	72	79	-93	-6	-97	32	56	-94	-66	-58	-61	65	62	28	8	-74	21	-95	83	-66	56	-36	-62	-66	-18	23	-65	52	7	70	-20	99	-49	59	-51	65	29	71	35	19	-18	36	34	62	-74	-60	29	-88	57	11	77	-68	-34	-97	33	75	-63	-86	-5	43	-33	-25	19	40	-65	-90	
-85	1	-2	-89	19	39	-81	-85	-78	17	-36	-73	-8	85	70	19	-85	-26	-71	-28	85	-77	-97	-56	43	87	67	87	-79	52	-99	8	-44	25	2	62	72	-57	2	98	38	-76	-2	33	-36	-34	-62	-73	-77	26	-55	71	-27	1	42	-78	41	38	-19	77	10	-95	-58	82	-22	18	48	-9	-70	-9	-14	96	95	-98	59	73	43	45	41	-88	-36	-93	-48	-64	-13	82	-66	34	-65	-27	-64	45	-21	60	-18	-79	-58	-94	27	-28	-37	71	93	-16	89	35	-47	12	-71	36	24	99	39	-93	-4	58	88	96	-34	-92	59	81	-7	-28	-18	23	-31	-30	
68	-37	49	-66	-77	71	27	-39	90	-93	67	80	-37	-84	-30	-91	-90	23	27	-81	3	-20	68	69	-84	61	88	93	49	-46	92	-30	69	-77	46	-53	64	-84	36	43	-68	-24	98	85	95	27	-72	25	-63	-42	13	12	-20	-62	2	-29	-14	-30	71	-11	51	57	-49	-69	37	-26	-10	-80	-87	38	-51	63	74	29	12	68	32	43	-60	49	-27	99	66	19	25	98	29	46	-58	53	69	38	50	-86	45	-11	63	-9	-94	-39	-90	1	51	-75	-27	-85	53	49	57	-66	75	-27	-40	72	-69	59	-50	30	11	63	-37	-87	24	46	-76	87	-41	-42	
-55	-69	-26	-39	92	82	79	-42	-98	-11	71	7	-73	-51	61	-48	59	-96	49	66	-56	97	98	-56	73	-70	28	44	23	-67	-92	4	-89	89	-39	-84	8	-35	25	-6	-62	-95	57	95	38	-69	-83	-33	78	-63	-83	18	81	-2	-49	57	-37	-6	43	79	16	63	-27	24	23	-27	87	50	-51	-27	-64	15	88	0	27	16	80	95	80	65	-58	-62	-90	19	-68	-45	-83	86	-86	7	17	-8	7	57	-26	42	-15	35	-68	-98	4	21	7	11	-45	-58	45	-64	-26	39	-44	42	38	16	-35	43	-61	27	-75	-14	60	87	96	-10	25	-79	35	-81	
-50	81	-68	-25	-93	-51	46	-41	-94	-15	31	17	-27	-79	-70	-36	62	58	46	65	-39	7	-37	-43	-80	-26	84	21	-44	-25	-64	86	-83	62	79	-20	-95	-3	-80	16	57	25	-90	-56	98	0	47	93	83	12	82	81	13	14	-83	-6	25	-85	29	54	75	-94	46	57	-95	44	-55	-59	15	-17	-55	43	-7	1	22	20	-14	-23	54	94	-55	-78	20	34	62	-38	27	51	-13	76	-11	-88	-15	90	-97	-22	-75	66	-42	-35	3	26	58	18	-81	11	94	23	63	-82	-98	16	-9	72	34	-59	-32	-21	15	66	37	94	28	-93	30	-56	84	57	
-7	-96	89	-84	93	64	-44	58	-59	-64	21	36	-89	84	69	18	-75	23	73	39	12	-28	-38	41	42	89	67	-18	-70	33	48	68	69	-40	98	-13	35	70	31	22	-21	-40	41	48	13	3	84	89	15	47	9	-28	-54	-69	14	15	-59	75	15	-12	4	-46	39	-93	-64	19	53	-21	-50	-98	86	99	-21	-98	49	69	78	45	-2	-75	30	-92	46	-44	-8	-12	7	91	-37	-17	-53	91	-5	5	-26	78	-27	-41	87	74	31	-41	50	-71	27	-26	-79	15	-58	96	-53	-94	48	-58	24	83	72	-45	10	62	10	69	-11	78	9	-6	-1	-94	
39	38	90	-70	-98	-36	37	97	-92	88	55	-72	94	26	-31	49	29	86	61	33	-77	-20	73	61	88	68	-68	-7	71	10	9	78	-99	-10	-73	-71	70	64	61	60	-79	44	24	-62	-88	3	31	-40	45	42	-99	21	-9	-64	-15	-71	56	-94	-18	-80	28	8	-16	-46	-51	-85	-6	-19	92	-86	-11	54	-25	0	-56	-54	-16	0	-63	-98	86	17	-90	-9	24	94	9	55	53	-83	39	98	-4	92	-96	85	-74	-28	43	2	36	-54	2	85	-68	-17	-9	15	66	84	-98	-98	-76	92	-15	90	43	1	-6	53	-6	-35	-38	33	-58	-72	-40	-84	
-48	40	-70	-18	-27	-15	-10	13	-91	37	-50	-38	-40	-68	-32	-49	80	95	-71	69	-38	-85	-5	-69	-98	-29	-29	61	82	2	86	-95	92	69	-9	14	27	-47	1	32	27	-52	85	-30	-46	-35	-87	51	-25	-46	15	-33	64	-78	-2	21	27	90	-90	33	-56	73	-2	-26	-49	-14	-37	-10	-33	72	2	16	-19	94	78	-98	-99	-29	48	30	-32	17	96	75	19	68	93	-55	95	-73	-81	-12	-96	-82	-53	98	13	7	-95	-43	82	92	0	-39	-48	74	-36	-62	-84	-81	61	-75	-46	87	-69	12	-94	-78	3	42	-33	-85	59	6	95	-33	70	34	
-43	-14	-52	-15	82	93	14	-41	-8	22	-25	-62	-20	-29	57	-63	-37	-65	-8	40	78	-80	73	44	-47	-52	-99	45	-62	13	89	72	59	21	21	62	47	-96	-16	-5	11	-40	23	-33	-11	57	27	-84	18	-58	-66	91	67	-85	-32	52	-51	9	-30	65	-40	-98	-56	-58	-87	-70	-41	-19	53	96	-99	84	93	30	35	-68	21	0	-1	8	-79	-95	-92	-32	23	35	-77	-26	-13	97	-3	-81	37	-6	-91	-31	-96	42	45	-39	-4	43	46	-8	25	-13	-23	-57	27	-3	-81	41	13	-70	10	-78	-36	-52	-91	94	65	49	-5	-53	-73	-55	-91	-36	
-31	-14	-16	-12	-66	-86	24	-79	-44	-83	-39	-86	45	-19	89	44	-13	67	54	85	-96	-83	-57	62	42	55	-86	46	35	71	24	2	77	71	-52	-4	32	69	1	-43	-81	29	44	-50	92	-9	88	6	32	-96	37	-85	-92	-11	-89	-42	57	89	99	33	-12	-12	-5	65	-99	-26	19	58	-17	-57	76	81	-23	-35	-14	-17	63	-79	-51	-10	-62	39	99	-45	-19	-26	6	33	-82	-3	-89	-74	2	72	-50	-4	70	46	44	-37	-45	16	23	32	18	1	-8	-63	81	63	70	-48	-66	62	37	-79	15	38	-44	-96	-58	-73	-78	28	24	-47	63	90	
