7
90	-65	75	-21	54	-79	-37	98	62	90	-50	53	4	24	-88	2	-87	-27	-89	6	-45	78	-40	-66	-95	-68	21	89	81	66	59	0	41	-61	79	26	-9	-12	-84	56	-38	25	98	37	32	-52	24	42	84	-48	-75	-93	82	-38	87	45	23	89	-90	-4	81	-18	62	-75	68	14	1	32	-64	49	21	81	-70	-18	48	34	84	-39	18	-44	90	-82	-18	27	40	-38	76	-59	41	58	-4	-19	-49	86	77	-6	-94	-12	58	-99	-68	-60	61	42	-49	44	97	-46	-26	66	-67	23	16	-26	27	72	19	92	-56	88	-39	-63	48	-34	-93	29	76	-74	
-92	18	82	19	28	-86	-49	-42	59	76	18	85	-63	-24	71	-36	3	35	-50	-39	21	14	-52	63	-17	70	3	-99	21	10	26	-57	-6	-19	-3	-38	-88	-47	13	-3	3	-66	80	24	40	46	86	-1	-52	52	-83	79	94	63	-90	38	-43	51	21	76	62	-32	30	-92	-58	37	86	16	48	-88	-49	-35	-82	67	13	-69	70	76	91	35	65	-94	-94	-85	41	-36	4	-86	13	-42	0	54	16	76	52	60	-88	-73	-16	80	-36	-51	91	-26	-42	83	83	-18	-20	-11	-57	-42	78	32	26	-4	-81	54	-45	-81	-53	-83	54	-92	-47	-99	80	-54	
60	-5	-52	52	-22	10	-39	-7	-8	-84	43	-41	-33	51	85	75	44	-84	-95	82	-95	-36	-36	82	-86	-11	-43	-24	96	93	33	31	2	78	-55	-18	-4	88	-50	38	37	-19	58	-13	-71	-40	79	85	90	82	-23	-48	-59	73	7	-98	64	-80	65	-29	52	92	44	-65	93	-31	4	48	68	24	84	23	44	75	-49	45	77	84	71	-59	53	84	22	-20	-58	17	-71	-96	96	25	28	98	-64	31	-36	51	-81	-98	-21	46	-66	-74	-8	-6	94	-53	6	79	-38	-6	-53	-67	46	90	35	98	5	91	47	22	81	15	31	10	9	-95	-79	49	
27	-96	-80	67	71	3	60	60	-4	33	75	-56	12	47	-13	-20	-39	-6	-63	-9	-37	53	-93	-43	-94	85	-71	-5	-45	79	-52	-3	-16	64	36	66	90	22	37	33	93	52	-65	-53	-14	21	84	11	35	84	-52	-48	-74	30	40	95	86	2	9	-14	92	-43	-60	33	-85	22	-72	-84	-45	58	81	-22	52	-23	32	-38	73	5	-39	-33	8	65	78	27	67	60	-90	21	-59	-57	82	20	80	40	16	-47	-81	57	14	86	-74	82	80	-60	0	-88	-16	-89	38	-67	-7	-82	-78	-3	77	78	-87	68	-68	-11	49	2	12	-61	-24	8	-46	75	
-30	69	67	-11	12	-74	60	0	-89	27	-45	3	21	53	-53	-44	-7	-95	-65	81	90	-9	44	11	-63	-86	31	-78	52	-71	-11	-94	34	45	-48	-29	-37	40	0	67	94	24	-47	29	-85	-9	20	-67	-45	54	42	83	25	12	78	-93	37	-53	-71	-87	87	4	0	62	-35	90	3	-8	0	58	4	55	20	77	43	-99	14	-90	-75	-64	-72	40	-80	-7	73	-11	68	-23	80	83	-70	-58	-38	2	-4	-27	73	55	-20	37	28	-75	72	-37	-4	-79	7	10	-89	62	31	-73	-13	61	-91	30	-51	67	-9	27	29	-91	96	-85	65	-83	40	4	
85	-90	16	47	83	-43	-71	-9	-77	-40	53	-64	24	19	4	-22	93	18	-38	28	33	-65	-94	9	26	49	75	1	-65	68	0	63	-56	-54	-52	67	-58	-41	-10	-27	52	19	-94	30	45	33	-42	-90	-30	-96	78	-19	99	40	-63	49	-97	46	92	55	-80	-34	-36	24	-20	53	87	-87	-86	99	-48	17	20	-92	92	-2	-87	-46	-65	95	-42	36	-73	67	-56	-61	-18	-1	45	-3	93	-62	45	-60	83	0	-56	7	64	-93	-45	-76	36	6	75	-71	-70	-52	47	-30	-20	-8	-19	62	95	-56	-13	60	14	82	-80	9	92	19	78	73	-32	79	
2	38	-48	41	-31	62	73	34	3	8	8	38	29	86	97	16	-59	0	-1	-21	48	77	80	26	58	-30	-14	53	84	8	-9	-33	79	-79	-79	64	36	-52	56	-4	-66	-32	-7	28	-29	-24	13	-10	-95	-76	-42	-6	-85	99	89	59	89	-92	-29	91	-60	1	-77	-17	54	-51	85	-79	-19	15	-85	-68	-18	75	-32	10	-34	-66	-76	-36	81	30	48	-89	43	-29	79	55	-10	-49	96	87	-23	43	42	33	-19	90	-29	35	-37	-1	-14	-18	86	18	-30	-66	12	-57	92	29	-59	-31	-4	13	83	9	75	-73	98	49	97	35	-28	-15	35	-36	
17	87	-85	-14	19	69	-55	9	-86	82	77	97	-62	29	9	-96	32	-51	87	90	-93	-54	6	-1	-25	-32	5	59	-45	69	54	-37	0	60	6	98	-63	99	67	-66	-41	-46	79	-18	46	-83	4	-42	10	-95	-6	20	98	-42	-72	62	6	12	-66	-14	17	16	18	-29	-14	-49	70	93	40	87	44	-78	-10	40	-72	93	-3	-66	25	54	72	-63	-24	11	-91	82	-52	-90	-55	43	88	73	51	-65	-87	67	-75	-53	38	69	19	69	15	-86	45	54	18	76	-70	97	-14	68	-50	-41	-43	-22	65	34	-54	55	49	-84	-40	89	6	-20	7	-62	
67	-98	-18	72	-63	16	-78	-20	-85	-48	69	89	80	-48	-54	98	-65	31	-69	-71	62	54	-63	21	83	-27	-10	31	29	-83	41	57	29	-94	45	35	5	-52	19	-69	-94	58	-16	0	21	82	16	22	-28	48	34	37	76	59	15	50	-29	-18	-50	-92	-5	87	65	-19	81	71	-2	-58	-50	77	51	-78	88	-78	-19	14	96	-46	66	-60	84	-15	-44	-68	-44	63	25	27	-90	-8	-28	35	28	-91	51	42	-86	-26	-84	-28	92	-23	-85	87	8	85	-22	-14	58	96	60	-96	-1	29	69	13	-1	-35	90	13	22	-88	-23	46	11	42	86	69	
-65	-72	8	52	73	99	-14	14	-63	85	-8	72	27	94	-58	0	-14	-62	-9	-87	-5	-49	-99	-9	-18	1	-78	50	93	70	-61	78	-46	2	58	-41	28	84	7	41	91	-4	73	-27	-52	69	72	40	-44	-78	-84	-18	-63	-43	-99	47	-83	-13	-11	22	42	76	-95	38	-11	93	-88	63	-66	-73	42	-9	-25	-34	66	51	4	80	-47	-90	-38	57	-96	-30	-78	80	25	-51	15	-90	46	95	72	2	45	30	77	62	64	-39	-49	-67	-13	80	-60	-63	-63	9	-85	-6	-5	-65	-80	-59	-25	-38	-70	-52	-80	-13	-2	99	-90	4	-20	9	-3	59	
-6	79	69	57	27	-23	-41	0	68	-64	-60	-85	-83	-58	73	69	-40	15	-17	0	-86	5	16	75	57	47	60	49	31	-81	-29	88	2	82	-79	16	62	45	-79	-68	63	5	0	-70	66	88	-5	68	-83	31	88	32	73	-82	-1	92	17	-44	55	2	-22	-20	-71	-39	-42	21	-70	86	-83	47	70	6	-40	57	21	-21	2	24	82	-31	34	-59	59	-47	-65	31	89	27	-92	28	48	-57	43	27	-97	53	63	-35	-62	-17	-32	67	-90	-2	-83	47	32	85	-90	4	70	-18	26	8	91	69	-26	-96	-83	-50	81	1	-6	44	-50	-84	61	-58	
60	-77	-96	-75	-34	42	-74	87	-94	-72	-78	-97	-68	-53	37	18	82	49	45	53	-53	1	-40	-35	81	87	-28	-92	18	78	-8	5	-95	-22	83	-24	23	-16	65	-2	10	-58	-26	-87	47	52	66	50	-63	58	0	35	7	-91	-54	71	83	55	-83	-6	-12	-89	-15	-95	64	-29	35	-92	68	15	-29	40	67	-74	-94	-32	90	88	65	-88	37	-98	-82	67	-26	78	-72	72	69	93	31	-21	50	-79	93	-98	-85	54	91	74	-7	24	74	-70	96	59	40	1	90	59	0	17	-57	-9	45	17	-40	-84	43	10	-22	18	-3	6	5	29	-26	95	
-70	-32	91	73	95	-98	-68	29	-30	6	-72	79	-33	86	6	42	-89	45	-28	64	-79	-62	23	91	43	91	-65	-44	30	-57	64	-65	-78	-87	80	-81	14	12	39	-94	52	98	-59	67	-25	-78	75	44	6	-11	34	-50	-88	89	-17	62	-73	90	6	-74	-33	22	-48	-14	-1	44	71	36	9	91	13	52	65	24	-52	-3	3	47	95	-57	91	-84	-48	-78	1	89	74	6	-88	62	-80	79	-47	86	43	43	45	1	51	55	0	-72	-90	-65	-60	-71	-50	76	-80	-92	-58	63	-15	0	-48	-24	-4	-75	-26	-25	-24	-78	-99	72	-69	7	-52	-82	
-39	87	90	87	-7	41	-7	23	63	-58	-60	45	98	8	-75	-71	-76	53	21	-66	7	-65	-26	98	-41	7	-90	-82	-57	91	-84	51	72	32	-98	73	-57	24	-26	-28	82	-21	-88	12	-46	82	-18	44	-39	36	-74	98	-48	19	96	-47	-35	54	76	72	75	6	-89	-88	26	-21	87	35	-42	-66	6	21	86	-68	-46	85	47	-19	93	68	36	71	61	63	17	45	-43	68	-94	-43	81	-14	72	-17	44	37	79	-56	20	95	-49	-13	59	25	-70	45	49	-83	-44	40	90	70	-38	-9	-46	96	44	91	-42	-8	-84	-67	13	-8	-3	99	25	-62	
47	22	-79	-92	79	-31	-51	-86	-46	70	-57	-21	-78	54	-93	19	-44	38	12	-99	18	-18	-23	58	-10	32	-10	-80	-78	-43	54	-65	57	74	90	65	8	83	92	-4	73	74	-95	23	-40	-97	-81	-97	70	-60	48	73	-65	92	97	-63	90	5	-43	62	-47	-34	78	-67	54	-61	-56	63	-43	-30	-9	63	-83	88	-49	-66	-66	76	31	45	-74	92	45	-56	67	-80	85	-79	68	99	-22	-17	66	-37	41	87	93	-50	91	-78	98	87	-58	-55	86	-95	-25	0	-58	93	73	-66	64	57	76	-14	98	61	-19	35	75	-17	-43	44	60	52	70	51	
-36	-42	-96	-42	9	55	23	38	-22	99	26	-71	33	23	-94	-90	35	98	-89	29	95	32	-28	-18	78	-19	-65	-94	18	-53	-44	47	77	-66	86	69	32	-52	-76	-14	-92	63	80	-7	-27	15	-56	6	-59	52	19	-31	79	16	58	-61	-69	11	-34	0	30	36	-29	-72	-14	90	50	37	-8	-36	37	-72	74	-55	53	-21	74	75	51	96	-24	-50	-11	7	46	90	-92	-41	-98	74	56	-39	-52	86	-14	-20	72	68	63	6	-70	-96	63	29	37	64	-51	28	-22	-11	0	-78	-6	59	73	82	-66	58	67	90	-42	50	-62	1	-44	-73	-95	-20	
2	-75	-97	23	88	-92	-72	13	92	60	46	-92	25	39	21	-75	-91	-56	12	55	65	61	-33	4	93	32	-78	-82	94	77	-32	43	54	15	-31	-20	69	-85	-59	-32	-7	44	-93	41	-47	6	-22	7	-1	-96	-45	-32	-49	-69	60	64	-69	-4	-34	53	-68	65	-62	20	-46	52	-84	58	54	-45	32	85	-70	-68	40	-90	85	51	79	67	39	69	55	-8	6	-28	-15	43	56	-41	37	-56	-38	26	83	95	-64	46	91	81	-60	39	-24	-64	-46	80	-89	-61	48	-97	-32	-55	8	68	56	0	11	96	22	-19	19	-7	-88	-88	-8	-20	30	89	
77	42	58	-6	34	-9	16	28	32	-95	-56	-9	22	-56	5	-43	-54	71	-81	39	-33	24	-81	-36	40	-86	19	60	-77	-46	14	-20	27	-37	-21	-76	-77	-7	56	-76	79	-44	-10	92	-25	73	79	11	89	-19	77	-69	-99	-69	24	4	60	5	57	-14	-39	25	85	-30	38	37	-49	-26	86	-4	92	17	10	28	-76	-54	82	-35	16	-42	18	26	-37	-16	-99	86	-81	44	-83	63	67	75	-96	17	-79	-23	43	65	53	-57	6	96	-51	-83	-17	-46	67	33	36	32	-15	-17	9	91	-68	-19	96	14	8	86	-47	-9	-57	81	-49	-13	-22	27	
-17	-46	-71	12	-33	66	-27	-18	36	-40	-26	39	-88	-44	39	-93	-41	-94	10	31	-37	89	2	91	-39	33	-6	-92	-81	-8	59	28	45	65	34	3	-47	36	-3	-40	12	-11	-50	16	-44	-3	77	57	-6	-82	23	-12	-33	72	-80	-83	38	-14	-3	71	-58	-51	-57	-63	83	-4	-87	-29	21	9	65	98	-40	95	-47	90	-44	-93	-54	66	-6	48	43	-65	82	69	72	-55	-32	7	21	36	-43	-67	90	-39	60	93	16	-71	-38	-50	8	-26	7	-23	34	-46	41	-80	51	32	-7	18	37	26	-29	89	33	-33	-52	-73	68	16	-84	93	-68	50	
-52	2	-9	20	4	32	-28	-82	22	-66	26	-52	83	98	-23	30	21	-68	-61	-21	-1	55	72	-9	-44	-37	15	-33	38	-54	-83	-89	-69	35	-50	-49	-14	-81	46	-33	-23	-13	-63	88	-29	-15	31	-69	-67	83	-64	21	41	69	-98	81	-76	11	44	45	-46	38	17	-29	15	6	97	-62	-34	-29	86	57	-9	-6	72	-79	64	47	-28	70	-93	75	55	-33	69	-26	-30	71	4	-45	81	46	46	78	-26	70	24	-62	-83	-22	-63	12	84	84	-65	-17	-59	91	61	32	70	-7	48	78	-17	-40	-1	25	-88	74	-92	51	-60	8	15	61	-96	-84	
-41	32	-15	-43	76	-53	-79	21	-24	-74	-18	-5	-75	23	86	-68	-22	91	-24	-5	-3	-17	-38	-5	15	46	-14	71	22	61	54	-41	-33	17	-66	-61	-33	56	-21	-86	-93	21	40	97	-88	-76	43	-75	-53	37	-19	-93	-29	-75	64	38	50	-17	-52	-57	76	87	-54	47	-58	31	-34	29	26	-17	22	0	67	15	-83	12	10	-30	65	76	13	53	-35	-63	-91	-4	-40	38	21	-26	-30	-15	93	-60	-74	86	47	87	-73	97	34	-31	58	81	-27	88	2	-53	1	6	-2	15	-83	84	56	-74	87	17	-78	28	-10	66	24	61	85	4	64	88	
73	56	-58	24	39	-94	43	-75	-43	71	-13	-44	55	37	-20	-71	51	27	62	59	96	-19	28	-46	89	-91	-53	-5	-37	80	20	55	82	-33	-86	46	97	-75	64	2	90	60	81	-3	59	-28	38	3	-18	65	80	-92	81	56	-40	-51	51	77	-28	3	68	-19	67	79	11	-94	-60	22	-5	91	-88	27	-5	76	-37	72	-15	-63	67	-72	-40	-22	-5	-46	74	-8	83	-54	-40	25	14	-34	93	-16	-44	-43	59	-37	14	-78	-24	3	74	-47	-91	-43	21	88	-30	79	-49	-11	-40	-76	-83	94	45	14	58	-85	-85	8	-61	26	4	18	-80	-13	
30	-78	0	73	-26	-64	53	86	-81	-50	-94	85	-33	56	-34	-37	15	30	-44	-60	-48	6	77	-44	-91	-52	-74	-89	42	-77	19	44	34	-2	83	0	91	36	52	79	-31	-29	-22	-18	68	44	-14	74	15	-31	-92	33	-91	4	-55	-86	-68	-44	-38	-54	-10	-46	-38	-25	49	4	-41	-25	12	75	65	5	-81	-75	64	-30	-31	-51	-49	-76	-37	-40	22	-62	98	-53	55	-1	61	60	58	-52	19	-12	-31	67	72	51	-76	-33	55	-90	-50	99	21	36	-2	-21	43	90	25	-48	68	-97	-65	19	69	83	-5	-82	94	-6	11	70	65	-34	-22	40	
33	87	-20	24	20	61	42	-4	-66	-36	41	-85	72	-1	53	-37	31	41	35	92	77	33	1	59	99	-45	-54	-51	-1	-73	-45	-93	-39	79	-52	82	29	0	4	50	6	48	30	87	-3	-38	75	-29	-17	89	-36	-2	-39	0	-13	-51	50	-33	-50	63	85	-6	84	-74	-99	-75	-88	54	-32	-75	57	70	26	87	-27	-34	-4	-72	79	42	-63	67	48	-34	-75	-82	-37	91	-59	44	81	51	-23	25	-23	-86	38	-93	74	22	89	-86	9	94	-8	60	21	78	35	-52	-23	48	43	3	-21	-18	-83	-89	34	-65	25	35	89	-96	-68	-35	90	9	
29	-2	-91	-60	29	70	-84	-9	-65	-61	9	31	-9	73	53	-36	-48	84	62	17	46	58	27	45	-63	-99	-15	-54	0	-79	14	-40	57	5	-74	-67	14	55	-45	-90	-10	85	24	5	-70	83	51	-99	52	-84	83	99	-80	95	11	38	27	-99	-66	-81	-41	-21	43	-57	82	74	44	-15	-84	2	-47	16	67	79	-72	21	80	9	-68	-71	-59	67	-23	32	-44	-54	78	67	-90	-82	62	-79	46	-17	7	16	-39	-22	-18	74	-40	-7	-3	-67	76	-8	-53	32	81	-18	-42	7	-22	48	-36	8	54	-99	93	4	-20	7	4	77	44	78	85	-20	
-67	-5	46	37	-80	11	7	-42	79	-5	-44	-73	81	27	-89	-79	-20	64	49	20	42	54	-46	81	49	65	21	33	94	74	61	44	-89	0	-14	-19	51	9	73	-79	-30	19	-87	-58	-65	-17	37	-12	-22	-68	85	-44	64	90	48	-63	-65	34	-39	-87	-29	-35	70	-97	63	-80	-57	89	33	-63	-52	12	-13	-22	43	-8	70	-42	94	-32	-57	-10	92	87	-82	-59	-29	-52	-74	94	-40	-93	-2	-50	-75	-58	50	-98	-20	71	36	37	7	59	20	-51	-12	-22	-32	-62	58	-92	42	-54	29	65	8	35	-96	-49	-52	-28	-48	30	-74	-41	65	44	
-76	22	28	-75	-94	56	8	-11	-9	76	-42	38	51	-53	-65	28	0	-51	-93	-17	40	-83	-82	13	86	0	48	50	70	71	5	-81	-5	86	14	-39	-80	-6	20	5	-61	40	-49	64	97	59	-39	-61	28	-43	-7	96	-8	54	74	40	-69	-48	-26	90	99	-78	93	83	-43	-63	65	89	65	6	-7	-78	-82	-95	90	-84	-38	80	6	4	46	51	-82	36	88	91	93	-23	0	-36	-7	84	35	80	-84	-42	3	93	-37	85	-25	-72	-49	98	18	-92	-55	-23	-45	-83	40	-12	-22	-33	-88	37	-98	-87	-58	-97	21	-2	-70	19	-34	-97	-84	-22	
-20	-66	-78	77	-66	-77	-50	0	68	-52	85	53	77	97	-65	20	-28	-97	-42	-35	-90	84	39	16	-44	97	-91	52	5	-34	-21	11	-93	60	34	48	-12	70	-73	62	7	-50	-13	19	-4	45	60	31	17	-41	90	-29	73	9	37	-68	34	-95	-73	71	-72	7	-25	86	81	95	-68	-30	79	-93	63	65	-80	-97	-78	83	-89	-84	-32	57	-2	-89	80	64	10	80	71	75	-5	57	45	-86	-87	0	-45	85	-62	17	-49	-6	-43	-37	-31	-18	89	-72	-72	-72	-33	-32	82	77	-48	40	-80	-9	33	-90	-63	-5	36	-90	-87	-20	-39	50	22	-18	
-26	-19	57	-34	28	58	85	96	-92	-34	-53	-4	59	17	-86	-55	-46	75	55	45	-38	-75	19	-1	61	-44	-94	10	-7	-90	16	-10	71	18	47	62	71	13	12	-55	2	-40	51	1	83	5	88	-65	53	-43	3	-89	47	17	-18	-85	-23	69	-33	-86	14	-71	-10	18	24	67	19	-53	12	-29	95	2	45	-98	-94	-98	79	66	57	5	-98	60	-33	87	37	-79	-84	55	5	59	89	-11	-78	10	63	69	43	83	-47	-26	-87	69	-40	52	30	97	-20	-92	-86	86	73	-15	-88	-45	-20	-24	30	-31	-70	-67	-99	-23	25	22	-69	-13	-67	-11	
-78	-48	-32	-58	-18	-36	-30	40	20	53	-31	-57	-88	-47	-2	-16	-18	82	88	-17	-87	46	-58	-98	-54	24	80	-89	-7	28	-98	93	12	72	72	7	-95	80	92	-84	-83	83	45	-35	-13	-13	-12	33	85	-78	46	-21	-43	-47	33	-86	-43	-83	-47	-92	34	76	63	76	-14	11	-95	55	-38	79	38	39	-87	-74	-41	99	24	78	-85	92	12	-64	40	-47	-26	-50	43	97	12	69	-90	-84	48	57	-69	-36	5	90	24	-24	-67	-14	-67	45	87	36	87	47	36	20	55	-87	62	-58	-18	89	60	0	19	59	64	-88	-68	-91	-93	-62	73	60	
-31	73	0	-87	70	40	36	52	98	57	-29	-75	12	22	-39	-24	-1	71	-64	-18	-49	-80	-61	91	-25	-30	-48	80	-47	-2	37	-60	-29	95	46	-32	-75	-86	96	0	-77	28	40	-42	63	-30	24	94	-27	98	-55	73	46	19	88	65	2	-95	6	-86	34	-74	60	63	-59	-64	-44	49	49	-86	40	-7	-96	89	44	-25	44	-89	-20	95	-14	98	50	54	-68	89	91	3	-51	46	20	-26	75	73	-67	-79	32	-97	28	34	91	-58	72	-25	-6	-19	95	-94	12	-18	40	-18	26	-7	66	3	68	95	-75	65	-44	-11	34	-14	-25	30	-81	37	
-63	66	89	-90	31	-51	-10	-39	-4	-98	7	-37	45	49	16	38	-35	13	26	87	-93	67	-6	-9	-60	53	-21	-52	9	49	-92	-9	-44	-57	-29	-79	-34	-77	4	-54	47	-84	-49	38	-41	-88	28	-66	23	95	-23	27	73	49	96	94	-63	-15	18	23	-45	49	13	50	42	42	71	-74	78	-74	-31	-21	-50	-10	-94	31	98	17	0	0	-12	12	64	-80	-14	73	-74	-43	-35	44	92	-24	60	53	-8	-8	-48	-8	-59	-11	-94	-71	82	92	-73	2	67	-7	-68	41	18	53	21	35	-1	7	-82	63	97	-86	47	87	-16	-95	-59	65	89	0	
-32	-43	-34	29	81	-86	-4	-1	-61	67	-87	-66	50	79	-2	1	68	-21	-47	-23	47	-7	-34	4	0	77	85	37	78	78	1	68	76	-75	43	4	12	-95	23	-46	74	15	70	-98	-74	33	7	-48	42	-64	-26	29	-32	89	75	83	62	-12	-56	-85	-38	9	72	-85	32	52	70	-50	57	-61	27	85	48	-74	59	38	29	99	-8	-68	-86	-51	54	62	93	-96	20	-9	31	-76	-46	-92	65	81	27	66	74	-73	23	-91	11	36	21	-4	-33	46	-47	-11	81	90	-46	-26	-77	0	-87	-16	-83	-34	-2	60	18	18	-97	82	-27	40	-32	98	
-70	-62	-94	-60	-35	86	32	24	-6	72	-76	86	-30	-81	97	76	-29	-77	-20	54	-84	96	-39	72	-67	53	3	99	-18	0	-11	-82	-18	-64	-50	-98	-11	-3	67	0	76	29	-44	-64	-12	81	-44	-64	-28	-53	51	-64	-97	-68	-47	50	-25	-54	12	36	-39	0	-34	-98	49	-92	-6	-18	-28	-72	7	-3	-59	54	81	0	61	56	21	-61	10	22	-13	-25	79	-22	76	18	35	-11	64	41	16	-24	4	60	90	84	75	-97	10	40	97	-74	84	-5	-49	77	95	-55	-38	-15	3	-83	60	-85	52	57	-88	-86	69	-76	37	-36	58	-84	11	-28	
-2	-93	-45	85	-59	-47	78	-24	76	18	-58	97	-98	65	-33	-24	58	50	51	0	82	-10	84	-60	40	-25	33	67	57	-93	31	78	90	44	-16	-51	-96	-11	1	93	-50	-91	93	-19	-44	93	85	16	-4	16	-8	-71	-86	89	-6	-80	4	-44	-30	0	80	-53	69	93	-33	-46	-34	-2	4	-7	77	-71	10	84	-31	-19	82	82	46	-76	37	26	-45	43	-72	64	89	-35	54	-93	-8	-2	-37	-93	11	16	-96	24	-22	-95	70	-48	50	-12	55	42	-21	5	-32	-47	23	-97	9	65	-89	-78	-23	72	-61	-30	-45	-31	-73	29	-90	-53	-43	-86	
24	36	-64	25	44	65	37	-74	23	-53	-46	-54	63	-2	-58	-11	40	-47	65	95	-26	-66	-7	98	98	-79	38	32	41	59	-75	85	-21	-71	61	-47	-27	4	-6	-70	10	-52	83	-1	-24	79	-83	-15	-52	-43	-5	54	-8	72	-16	-23	-43	-26	65	54	40	88	1	-79	-94	72	-17	36	-88	-44	-2	-35	96	24	41	2	-16	-56	98	-76	-62	95	-26	-8	92	74	73	45	75	-82	-52	49	26	-91	44	-20	-15	89	0	-59	3	-91	-95	-49	62	-86	67	87	-44	-22	-45	-47	-10	-5	-86	7	-50	69	-39	15	1	-19	40	-66	-85	24	82	47	
60	-7	-69	40	17	-64	80	61	-84	-54	-87	8	8	-60	56	-39	12	-15	65	-5	-16	-90	1	-82	-84	62	8	0	-8	-10	-20	-33	-1	-18	-7	1	46	24	-47	37	-46	-6	23	74	-19	99	-38	24	-84	58	70	-67	6	68	53	36	5	-5	2	63	15	-13	47	-97	83	-75	-18	22	-37	-30	48	41	-14	-86	29	41	-16	-3	-95	0	60	-37	70	55	-54	-50	5	7	94	87	-47	72	87	-31	80	-65	-11	70	-18	-92	-64	26	90	-40	79	-11	-59	-93	63	33	-60	87	-57	8	88	-99	47	73	58	25	44	67	73	-2	38	-84	37	-26	
-33	21	-87	25	-45	-76	-63	45	39	-63	74	0	-56	66	-12	40	79	-71	-34	53	-99	-35	84	74	94	-39	58	-36	-80	-59	99	-89	-13	96	-61	-78	-36	-26	-47	47	-41	65	77	65	7	-1	76	36	3	-88	87	28	33	-95	-7	25	-80	0	-43	-67	-43	9	11	61	30	83	-68	44	19	-33	-33	79	0	23	-50	46	62	-64	52	93	-27	4	40	1	-40	-38	97	39	-49	93	56	44	46	-45	-86	33	-66	13	-39	18	0	57	26	47	-63	-79	83	91	-36	79	74	-40	55	-99	-67	-25	78	-17	-32	84	8	67	-42	24	-46	-6	-21	-65	
0	70	86	39	30	-21	25	-10	72	29	-40	-98	-62	11	-50	-59	44	22	28	96	70	-25	27	82	65	18	-69	43	-72	14	34	77	58	62	-13	50	79	-31	63	-58	-29	-37	-45	30	-39	44	-74	-56	-73	-71	32	-22	49	-70	-19	-44	9	-98	-65	-75	-77	82	-46	35	13	58	-32	9	-85	-97	12	52	26	-79	83	0	-79	15	77	-48	-62	-35	38	-80	77	80	23	63	-36	45	-1	-32	32	57	-50	-51	64	59	84	31	20	2	96	-49	-60	56	-44	94	87	-90	-61	-54	81	85	-56	30	-79	-76	50	-60	-24	-75	56	-49	-25	-86	-34	16	
58	-84	-69	95	-98	-77	1	62	-58	-46	59	-14	-87	23	45	88	-93	-69	38	15	-41	-37	-34	-20	-90	10	13	34	29	-26	0	29	39	-60	16	67	-72	-51	8	-50	-89	48	-89	8	-43	97	1	41	78	-23	-80	-55	-50	58	-30	9	25	-74	-43	-37	21	-86	62	-19	-80	-38	88	65	99	98	36	1	69	-79	62	55	52	-9	68	-58	-75	-12	89	-3	5	22	12	6	50	-98	54	-99	94	-24	-90	14	-30	29	-8	12	-37	-6	-9	35	49	-24	86	-62	84	-94	-73	-92	39	27	58	60	-25	-1	82	46	-70	35	-45	-89	-89	-4	-96	66	
-22	-34	-85	79	64	-97	18	-30	65	49	67	-41	79	19	98	-15	83	52	48	-84	64	-63	77	-75	-10	-57	-67	-34	0	-26	43	-18	-42	-99	53	-7	-17	-4	15	40	-8	55	0	-26	-47	-98	-45	21	-38	-30	4	14	-11	-19	2	-3	61	-89	1	-62	71	-43	-29	-4	-36	-64	-75	-65	-48	-64	48	12	-26	23	-21	80	99	-9	87	0	-3	-68	42	16	-70	-93	0	-31	12	10	-45	-30	-13	-76	9	27	93	-43	-81	31	-44	-73	-34	-27	11	-36	-27	-4	10	-44	10	33	-19	-91	-88	3	-51	29	-32	-88	-45	-52	94	64	-90	-25	-32	55	
38	51	-73	-12	30	-66	-2	58	30	-20	-72	-81	-45	66	68	80	24	-86	-37	26	-91	33	-98	-93	7	5	-1	-45	45	27	88	72	-90	15	56	-98	-38	-45	-76	17	-55	66	60	59	26	-23	46	31	-54	-68	92	-14	-51	18	2	-62	-61	-19	-91	31	-17	-35	50	-5	65	18	44	39	-45	74	-45	57	-64	81	-55	-76	-67	88	83	-73	23	58	28	67	7	73	-78	-60	7	-2	-5	-38	94	41	-76	78	-62	-19	-85	16	79	98	-71	-4	-3	-44	88	85	-14	-64	-97	90	30	-1	47	-13	58	-36	-73	-60	50	-88	40	-25	-52	96	-84	60	
51	-87	-79	29	15	-19	-9	68	-85	1	82	-83	21	35	22	24	8	24	15	-77	-70	22	-28	42	99	42	74	19	-61	53	1	8	-41	-49	-37	91	78	38	-56	72	76	-40	96	50	17	-92	32	79	-85	34	10	82	90	-48	-5	57	39	-36	-60	45	-89	47	43	-99	11	-55	-62	-63	63	-3	-83	2	-10	-63	-24	0	50	38	26	-26	26	-12	71	-93	-90	55	8	0	95	41	24	-36	-40	20	-68	-57	79	35	-48	-89	-28	-15	-1	-7	-79	19	41	30	-34	0	48	48	30	-34	-15	20	-68	-80	52	70	-35	-39	97	9	-71	85	-19	-2	
69	80	13	28	-37	55	-47	-24	68	62	-84	49	-82	30	20	-3	-74	79	85	-72	-20	15	58	-54	-7	95	-92	-51	83	80	18	-49	-67	-83	-88	-78	88	-79	85	-76	54	-35	-72	73	24	-62	-88	-39	-92	-12	30	-40	-36	16	-57	17	68	-62	95	99	92	-66	25	-88	79	-50	44	-28	67	-6	89	40	-80	-53	-89	47	66	61	-70	-13	-3	60	-11	-79	37	54	-61	88	-96	21	46	-66	-34	60	82	7	41	-32	59	82	49	-28	-31	-55	62	65	-50	-25	64	-93	-11	-31	71	57	26	80	-28	-89	28	40	26	-52	41	64	-63	-55	-10	-78	
53	-65	27	59	57	19	98	-28	-69	-4	-58	20	78	95	14	23	-61	-51	37	-99	12	-83	-30	38	-92	-14	-62	23	-9	82	44	95	-97	-49	-57	32	67	-35	79	-53	19	-74	-1	75	68	-38	66	21	-80	1	71	-63	-52	-92	-76	8	-13	29	-80	30	-65	65	54	-98	9	-75	-88	23	41	77	61	64	-19	-42	-2	-53	-92	-3	-57	32	-5	-51	-50	87	-42	12	1	-30	-23	24	96	97	96	35	-55	-24	-80	-58	2	-26	-13	0	-19	-39	3	72	41	40	-70	46	96	-90	-99	10	-98	50	-79	-78	80	45	80	87	38	62	55	38	-32	31	
-81	88	-82	42	-88	64	89	-8	78	-95	-75	-77	-71	38	0	38	-63	-12	65	11	79	78	84	-43	-34	31	0	44	-28	26	-3	62	95	-17	-34	17	-4	-82	35	55	-16	-83	98	40	-61	-56	-87	-35	-97	94	33	45	11	-29	-57	20	74	93	34	52	-4	63	30	-25	55	-11	-82	-77	40	44	-47	-22	19	99	53	0	-11	52	67	-73	96	-11	-45	76	51	34	-37	73	-24	10	75	-86	-79	-31	67	68	42	45	-72	25	47	-22	68	-41	-71	-21	19	-84	-49	-44	-21	31	-96	-54	2	91	-43	86	65	55	-35	-83	-39	-52	-36	56	13	76	
-67	-77	-14	23	86	-20	41	-41	-55	-83	96	-34	-36	45	81	-62	4	-22	-11	-27	7	-54	74	29	-71	-27	99	4	-55	-88	-23	84	93	97	-5	-7	23	17	-8	30	10	3	-22	97	10	13	-40	61	-9	-90	35	-30	62	-60	-45	54	52	-17	-17	4	55	13	-19	-81	36	46	73	34	-28	-58	-88	-33	-73	15	68	-70	40	-71	-9	-92	76	69	20	-36	-1	-26	-10	-30	62	27	68	59	-33	-73	83	40	-8	-12	-17	81	47	61	71	-45	-41	69	-74	22	58	1	-65	56	-56	6	69	-96	50	-77	1	-60	99	55	-9	32	-77	-65	80	-20	
-42	13	-69	31	-19	-93	35	66	-34	60	4	63	-79	28	-1	47	-30	6	22	-70	-2	14	17	-76	55	47	-82	92	-42	-72	72	-39	-79	-53	-87	96	-88	79	43	-61	44	-9	-71	-91	74	10	82	-1	99	20	-31	28	30	-28	-67	76	-51	-94	40	-88	-1	65	52	49	26	90	37	-76	-30	46	-46	13	60	-72	-44	19	-63	81	-55	18	4	38	-28	-13	23	60	34	-67	32	-47	-51	-22	54	-33	-37	43	-61	87	-48	51	12	-93	-36	-40	3	-45	57	-73	-26	74	10	57	-51	-12	-96	-75	-27	-6	32	84	38	-42	52	-12	-73	-42	55	7	
-47	11	-40	56	-7	35	-61	-75	53	-48	-84	84	-98	45	29	-12	77	76	-62	36	-46	-8	44	60	-4	-3	-72	-50	66	-27	0	28	-15	46	40	98	59	47	94	52	-19	87	96	-13	-85	14	32	-67	51	-29	-52	31	-87	66	89	-32	-27	51	-61	-37	-8	36	99	-93	-72	94	50	88	55	-23	26	4	27	76	23	-39	69	-25	-82	71	40	32	-43	-84	75	47	15	-6	-11	-35	48	66	2	38	9	-92	-26	97	96	-20	41	-77	-22	50	-66	-20	-13	36	-30	4	-35	45	-72	83	24	93	-26	-73	54	34	-61	-39	92	-46	-53	-66	99	54	
6	-92	44	-47	-60	-70	-47	39	10	87	58	-77	36	52	-59	10	95	47	-92	-13	-18	19	-40	78	-41	-6	51	64	-31	-26	75	-7	-44	-66	4	-93	-63	-91	-74	-7	36	68	0	31	0	73	-46	-2	-38	-31	-47	68	-88	-19	-30	-82	-91	57	-34	75	-98	-14	-33	39	-84	-18	-46	-95	-46	-52	92	94	-37	-78	44	-59	54	91	-42	-10	-52	-10	67	88	-23	42	-75	2	40	37	-86	-79	-21	79	-52	-94	-22	58	-14	55	87	-9	33	-79	-96	63	-64	-23	17	53	97	78	-4	-9	-83	-11	-61	-36	-84	-24	36	15	34	39	-94	24	-92	-10	
39	-18	87	-96	-2	-47	52	18	-15	42	25	4	-77	14	-31	-17	48	48	-17	36	80	57	10	26	-13	-26	-53	-61	11	-52	52	-68	-61	-87	60	-1	-62	77	37	50	23	-93	59	-59	82	-64	-36	86	-48	-27	-1	-5	-38	-89	38	31	-16	-90	83	-98	64	0	99	-50	65	-12	58	-82	0	-76	11	99	36	7	-90	-85	-73	-7	77	-24	34	-60	54	-41	14	44	-29	57	-37	-36	-74	34	12	72	-98	35	33	-29	-90	46	44	34	87	-90	-60	-56	52	-34	-36	9	-54	-72	92	-80	-28	-91	-69	-97	73	85	17	-72	-36	38	-64	-60	-92	-10	
-37	71	-21	-89	-92	-99	-77	51	29	-17	81	91	3	-68	-35	-84	25	-42	70	-36	74	80	-23	46	7	23	-71	-86	-65	-22	37	-28	-66	-8	-6	-51	36	83	-15	16	97	-64	-5	-43	57	-74	76	8	-77	31	-16	-67	18	16	-33	-60	-24	99	-27	-4	-63	-82	-85	35	-10	-98	-53	83	69	-8	83	36	93	-41	81	56	-75	89	-32	-76	-94	73	-44	22	59	-19	-52	54	43	18	-44	74	17	84	-91	44	39	37	77	-49	-42	-30	-24	-92	-83	97	88	51	86	7	0	14	72	22	63	37	92	0	-4	88	54	-19	-56	-52	57	71	-66	-48	
37	-91	-46	-58	-99	59	2	-95	-85	2	-36	88	69	55	45	25	-26	35	48	-63	-3	3	-22	65	-64	-52	-78	-50	0	83	60	32	-29	-12	13	26	2	-26	-80	-87	16	-49	80	-94	-56	-29	-91	-55	34	98	-99	68	6	-29	-43	34	7	5	-86	-71	82	11	-15	93	-38	0	20	-90	68	64	39	-22	86	86	31	15	-10	38	-97	78	28	-76	0	-27	89	-31	94	78	-84	-54	74	-33	-52	66	-8	-36	-27	36	82	47	-7	3	83	-34	-98	-88	62	-60	-97	15	75	-93	-67	30	93	-72	8	54	-60	-15	29	34	29	-9	-25	-84	27	-3	
7	95	14	-5	46	-70	52	69	41	-76	50	-48	-61	-76	14	34	16	26	-48	-9	47	4	65	-84	-29	80	-97	-55	-65	98	-15	-52	13	67	-67	-59	-8	66	-41	-83	15	-50	95	-75	41	91	-58	93	-79	-37	-40	-60	-64	-25	-81	-76	-75	60	88	83	61	38	23	-42	95	-48	-80	-36	-91	-50	74	-20	-9	73	-68	79	83	-52	-53	-60	-78	-88	21	-2	39	88	-36	15	-40	-47	-45	-41	47	-39	40	-5	60	76	-18	97	35	75	-45	21	-79	-98	46	4	85	98	95	95	96	40	5	76	74	16	42	8	-5	49	98	49	1	-12	2	-3	
82	17	-32	-80	97	29	86	-64	96	-47	-71	-81	95	68	52	-96	66	-25	-11	8	7	52	74	-89	34	16	85	77	42	-78	-20	-84	-92	88	-20	64	33	-72	-38	-82	51	-78	48	17	-5	89	-74	-16	-84	-74	-1	-83	7	46	69	-18	-80	-9	-55	-71	26	90	-87	23	10	79	-88	50	-69	93	29	11	-63	-90	51	83	26	34	-31	88	7	57	81	95	-59	94	3	-50	-30	36	6	-14	44	98	-59	-69	-58	66	89	-94	-49	-89	-98	-70	-32	-13	26	-23	28	46	63	58	-45	-13	85	-34	-96	-38	-64	-26	66	-39	-18	15	87	-38	-80	24	
20	63	44	-91	73	38	-41	-38	55	-52	91	-25	80	-80	-64	-89	-41	-42	50	30	19	-65	85	20	32	19	-92	53	11	85	42	12	-27	73	-43	-5	-77	-75	25	55	-20	80	22	-38	70	-61	50	0	31	59	-81	-89	-86	21	-64	-20	-55	49	37	-11	63	24	-50	-43	2	9	-19	-42	67	21	-43	-67	46	-28	56	96	-16	85	-49	1	-83	34	-12	65	-43	10	-32	89	47	67	9	27	-39	-92	92	-91	-7	-35	-54	-99	-90	41	-40	6	48	94	40	34	85	-20	24	-58	89	-4	97	46	17	62	-69	48	93	78	64	-17	44	-80	0	-4	
-35	-86	-64	71	-23	-91	2	-62	-82	33	-5	49	91	-22	-71	-34	-87	42	8	84	47	-75	15	50	30	48	90	89	78	25	41	-59	83	31	-67	-74	-43	-68	-39	60	-58	-9	-58	-29	13	-90	66	-35	-3	-93	-34	-84	18	88	-75	31	-61	81	90	59	70	-9	-51	-90	-63	24	-56	-75	-65	35	-68	78	-58	-52	-75	55	65	-37	-61	-22	-16	-74	59	-98	69	-69	-52	-71	-12	63	-40	36	35	22	-5	25	95	-97	53	-82	-33	12	-4	-47	-60	-55	81	-5	16	-69	76	47	46	77	92	74	-63	62	-22	-35	-24	82	-33	-78	19	76	94	18	
20	44	-7	-90	57	42	19	62	-20	53	36	-55	30	3	-7	70	-21	-92	33	-55	92	21	26	-58	84	-52	46	28	-39	-6	-58	25	-42	12	57	69	16	-12	-78	-93	34	-83	4	61	95	41	95	-85	89	-65	16	-99	78	-78	33	71	-20	52	69	20	-33	-70	81	-18	-4	-20	19	4	82	5	-10	39	34	-8	-56	21	42	22	-99	97	24	28	-88	-96	-19	-42	82	13	72	-73	-49	-22	-37	-19	36	44	-38	8	8	-1	11	10	24	-62	96	81	33	41	99	11	82	-48	79	-99	66	68	-48	22	57	73	-24	-2	-9	-81	-9	44	0	63	
53	19	16	-96	21	-41	8	-83	-21	90	86	91	16	-38	32	47	16	-5	58	-1	-24	-10	-9	17	36	-66	31	17	97	63	-60	14	81	-61	-25	24	-9	-34	32	-53	10	42	29	-92	18	7	70	8	93	-43	36	71	54	-15	8	59	40	16	13	99	-68	-14	-80	42	96	-95	-5	81	-24	-49	-69	-7	-62	83	85	62	41	44	-3	98	23	-35	-12	-91	65	-72	-53	96	-8	94	15	-50	-86	30	-84	-41	-74	-40	-45	-26	-73	-48	82	-94	-29	-35	-49	0	-84	29	-11	29	98	75	1	-57	-3	-5	3	-28	-91	28	-6	-80	63	-59	-79	-11	
-10	25	39	-90	89	-80	46	28	-29	82	88	25	24	-25	-77	86	26	51	46	12	-40	-31	57	-27	-19	-73	77	59	88	61	77	-5	-11	25	53	97	-34	31	-92	30	24	23	54	-7	-72	60	68	57	25	-40	24	-71	-70	-2	-64	77	87	-94	36	-36	-22	-9	13	-73	54	-16	55	89	93	-39	-75	-51	17	56	47	13	89	63	-46	-93	-5	-82	1	37	-66	57	-45	-8	-5	-20	57	25	-60	-54	80	-58	61	50	-16	62	68	76	-31	-32	-1	-93	-37	-61	11	56	15	-81	-60	-91	72	-63	-24	58	-28	44	42	92	59	-29	-21	-66	57	64	
-31	97	61	-96	-53	45	44	-63	30	-69	8	64	-41	-69	-82	15	-42	21	25	-93	23	60	32	9	-30	-9	81	-72	8	-20	27	7	-52	77	-97	-8	-13	-43	-43	65	-31	-63	47	87	29	-49	47	78	89	80	-29	63	8	93	-59	-76	-32	7	-27	-39	-5	-65	1	55	-2	82	24	26	4	-36	29	58	5	-45	-11	93	-28	-21	5	73	13	90	4	74	40	-77	76	83	-1	-69	-16	29	72	27	-80	36	59	82	48	-76	20	-10	-89	-81	-26	54	-65	40	39	19	19	-12	-38	-45	-55	27	27	-23	-35	-10	59	-9	53	-13	-68	63	44	-17	
-73	21	-88	-56	-37	36	40	39	-64	23	49	61	-25	56	3	-4	39	-9	-73	-96	-50	-87	-79	42	26	64	6	-92	-53	-53	73	85	-34	93	12	-22	21	57	40	0	68	42	-42	-11	-35	-4	74	-25	-36	-20	-59	67	-55	38	-75	62	-55	-22	42	46	-50	-90	44	-36	-38	32	2	-34	-75	-5	63	-98	-75	-68	-54	-47	69	80	-9	45	77	48	29	-89	7	-59	14	-41	29	60	76	91	1	-10	92	9	36	48	-44	-74	85	26	94	93	29	11	-65	-2	-26	-28	23	87	98	29	77	-99	40	-66	45	-9	-17	-31	75	0	-49	-19	-65	83	
-97	10	67	41	87	-93	19	-6	27	-70	-22	3	-50	95	-84	-82	43	-9	-54	22	10	73	22	-69	68	-4	-13	13	-86	30	-39	-5	-57	-44	-68	-5	34	-11	-62	10	75	-73	27	51	99	-36	98	20	11	-71	83	62	-8	-78	-58	-53	59	-74	-70	4	-11	8	-86	69	-97	29	-17	50	-18	0	21	-62	84	-71	67	-76	-67	40	16	-3	-1	47	76	-48	-78	75	54	-35	-78	97	81	24	-9	54	77	-91	-42	-1	-88	-65	-2	-21	-29	-51	-15	-5	21	-97	-97	-7	13	9	-93	78	16	51	-35	-79	-33	-76	-30	96	-63	85	50	91	-48	23	
63	75	-44	50	-3	-99	-64	88	-10	50	-82	-86	-33	0	30	22	24	-25	76	3	-61	-71	30	-25	95	-14	-15	-14	-82	29	-89	10	1	85	-15	-12	43	54	42	-14	-59	-20	-84	75	-53	-84	-8	-60	82	91	-38	77	-39	-6	-15	-24	-4	53	-82	56	-84	34	-86	-59	-43	69	58	-66	83	-32	-97	-77	-4	-91	10	-78	-91	43	-58	50	57	35	70	13	78	-4	5	30	11	0	-24	71	90	-96	-69	-1	-70	-94	42	-94	-57	-48	-31	-76	-51	67	-6	-42	5	48	37	5	38	0	-59	-52	44	34	-31	21	-90	-10	30	-96	-96	15	-46	-93	
72	68	-39	3	73	14	0	-92	-27	91	59	45	-84	-41	-85	18	-79	-44	10	-57	88	-93	58	83	-39	94	-13	54	4	31	81	-2	-39	-34	45	-90	66	-74	72	61	-83	62	48	-98	-16	-46	-83	14	47	-77	44	30	2	-87	66	-37	-57	51	73	61	31	91	-60	90	7	3	-86	-62	-43	66	51	-63	-59	-65	-64	74	86	-62	-23	-5	-71	82	-94	49	98	51	-75	-9	-81	19	1	92	10	-33	-7	64	-98	40	-95	86	9	-95	-4	19	-79	-82	-83	71	-81	27	-46	-72	-42	41	-54	-83	-69	48	34	62	-9	-97	-71	-38	76	-45	61	-19	
-82	-93	-92	-52	58	87	-72	-58	-46	26	-76	74	34	27	-41	3	59	63	-77	-13	21	81	3	27	-47	-71	74	-81	-68	8	55	-88	-12	-17	72	78	36	38	-50	-44	24	-26	64	59	15	-46	30	88	-39	85	41	56	-26	-72	-12	-78	-84	-35	-63	33	-13	53	-67	-90	52	69	42	-22	-19	-49	62	-20	36	95	-53	-82	-8	66	-82	-33	-84	-79	79	99	-47	83	79	8	63	-19	83	-87	41	19	9	61	-59	24	93	-90	27	-2	-28	78	65	-60	50	-92	0	19	69	-7	73	19	10	11	34	47	27	-6	-74	93	13	21	-49	-27	-25	51	
-17	70	32	-68	47	-81	-45	19	-6	-96	97	37	-62	69	-50	90	-95	98	-94	45	86	67	-71	2	98	-1	72	-47	-7	-74	-93	-29	-77	67	-98	-64	95	-19	-70	-96	77	68	40	-36	-36	10	78	17	-19	-78	-52	-58	-26	-14	-4	16	12	-82	-52	-4	-80	69	-6	18	74	99	-91	27	88	-17	-56	-25	71	76	78	-16	99	21	-24	-87	-89	-29	-44	-2	2	-28	57	-30	-13	8	-91	5	9	0	19	-88	26	-92	-26	-7	18	38	-41	-60	-78	-1	-92	65	85	-91	57	16	96	-57	-7	2	-52	5	60	99	-85	61	-58	-34	95	-52	56	87	
30	79	-61	15	-74	58	89	-26	61	-55	17	-16	-67	17	-89	80	-53	9	-94	-80	0	55	0	-15	-72	82	-63	-54	70	-58	-31	83	-2	-52	-72	-69	-23	-61	-10	-38	-2	-24	-22	-48	-53	-56	-1	21	36	56	58	81	53	9	75	-46	-19	44	0	38	-55	-89	86	63	36	-32	44	-80	60	-13	89	-66	-33	54	-6	90	-38	69	95	0	-52	78	-49	-99	-99	-50	-76	1	78	-95	99	50	69	-66	-4	0	-2	-10	88	66	-25	80	84	-63	-88	50	-47	28	24	-37	13	-89	67	72	-12	-47	6	-91	-12	-8	-16	-91	63	37	-66	-15	64	48	
-8	39	-10	-59	-69	62	-9	33	-80	45	-95	-30	-9	94	-55	56	66	-36	37	-96	-50	39	-80	-40	0	-56	-20	10	-36	6	50	-59	62	-44	-43	58	-98	-8	-26	90	-86	27	85	40	45	17	-62	-11	71	-24	95	63	85	75	72	-42	64	17	-58	74	5	98	67	43	-16	9	55	-60	96	-55	-5	79	-19	-74	-6	85	-40	82	-97	-2	-46	81	-89	45	-29	-58	2	-7	37	-56	82	-11	-77	33	-72	-41	-52	23	-16	-30	-24	84	-29	5	77	15	-2	-85	24	-55	-59	18	22	56	-65	-89	75	-21	-21	75	-39	62	-21	21	-71	-46	-28	45	
62	94	39	-21	-12	-23	-72	37	41	-53	-99	-11	7	4	26	-38	-54	-19	19	-12	87	-66	86	23	-54	-93	-55	-80	66	-49	-86	32	72	-39	44	-24	-87	44	49	4	96	61	-5	65	-79	15	54	10	3	71	1	-31	41	-17	95	45	70	46	53	-51	-29	-49	-18	63	-13	-20	-33	-58	79	-68	96	-17	72	46	78	-9	67	44	75	-10	45	-7	87	-56	-41	93	-89	-8	-78	-91	7	-16	-64	64	-19	-79	-9	-46	-52	15	-78	-34	-22	-34	52	9	78	-86	-86	33	76	-74	-51	86	75	0	61	-73	81	-88	37	93	75	10	33	-70	-8	0	
-17	-67	-88	45	55	-89	-30	70	-27	-35	99	15	-92	95	34	65	-81	43	52	23	-64	-44	-42	-66	34	-72	-98	-19	-78	-95	-9	-16	45	64	0	-57	3	-63	19	-68	-30	-92	80	-22	-77	-75	30	80	-50	77	-35	19	-87	-37	63	16	-97	-25	-23	-40	70	-38	58	80	67	16	43	-94	22	92	88	31	-21	67	-56	-97	-75	-31	59	-47	20	81	50	-49	58	-10	2	-36	97	-21	-11	84	6	25	-26	-44	39	65	-53	66	-60	-62	-17	-90	1	72	82	-56	24	58	-57	-53	31	-37	37	48	-31	-12	-60	67	66	-78	0	40	-67	-28	4	-72	
-52	-72	-65	39	82	-49	-54	-56	-60	-20	-69	-37	11	61	51	55	-95	45	0	62	88	-77	32	-66	-68	56	-99	-25	-11	-29	24	18	65	84	-52	0	-62	-87	-63	90	-92	72	-92	-53	36	-18	-72	32	-4	-6	67	1	37	-27	47	36	-15	-31	-58	64	-23	7	71	36	60	87	54	8	82	95	4	68	92	-27	40	49	26	63	0	-76	46	-87	4	-43	82	-67	-22	-58	91	69	-81	47	-79	-56	-13	-92	-99	-60	-79	-42	-95	0	-50	88	48	25	-79	88	-38	43	32	63	-19	87	-32	65	44	0	-28	-39	-97	9	40	-40	45	82	70	-8	
-21	93	-30	-84	27	20	25	35	-28	-4	-93	-51	79	67	-30	-39	-76	-9	-42	-32	-83	-29	63	35	13	12	35	-49	48	-16	97	34	-92	-83	42	8	-19	-85	7	-26	-64	-79	57	18	-98	35	-42	-72	18	-72	22	37	-71	-75	47	-50	-95	-16	-11	9	21	8	-19	1	39	1	-6	54	64	-55	-35	-28	-88	87	-82	12	-45	-70	4	5	-49	56	-96	33	-91	-77	98	-61	-1	89	48	-39	73	62	-85	-20	-78	89	-38	-40	67	8	74	56	21	-62	47	-16	-15	-50	-50	86	51	56	-54	71	-65	38	-5	70	-40	49	38	11	95	-57	36	27	
22	-28	-83	-49	-84	91	34	-68	45	65	86	-40	42	-32	92	17	-46	43	50	-29	-85	27	-85	-46	69	-66	-92	42	-56	-65	37	15	33	64	56	73	-65	-12	0	-32	-22	-78	-9	1	98	65	54	70	-44	-74	79	-45	51	-98	-68	-74	-33	-8	-28	-7	-29	65	5	22	-73	-1	-95	0	-56	-50	-80	66	-32	-7	-84	90	91	-48	-94	98	18	23	50	-64	-73	-82	-43	71	22	40	-97	-76	38	-37	99	-56	38	-35	55	-46	-18	38	-28	88	-93	-62	-63	31	-67	37	55	89	-25	-34	-28	-12	61	59	13	-92	-80	96	97	-96	47	-35	-31	0	
-53	88	-66	79	-51	-69	89	22	20	64	-50	-85	98	56	-97	-37	42	83	-77	88	52	-49	-71	63	-95	60	92	-47	-18	-71	-12	18	-37	16	-16	0	14	63	-73	-28	-6	66	37	-41	69	-76	-77	89	48	86	-61	86	87	12	-79	-81	84	-89	-13	-82	-47	16	4	92	-62	-70	-16	51	-9	-68	-8	78	49	-19	50	97	11	74	-71	68	-48	-57	98	72	-77	0	-42	-82	98	-6	6	49	-69	-85	42	25	96	-7	96	58	-72	-10	40	-58	98	90	-72	26	16	-85	69	1	50	-15	92	-23	31	-31	30	62	10	86	-97	28	-76	23	29	14	
38	-29	-3	-47	-37	-10	71	-49	82	17	51	92	63	-76	-44	-75	-24	17	-60	-17	-46	18	5	51	-54	66	-18	37	25	-78	8	-56	62	-11	-89	72	-8	5	-57	52	-81	21	-80	-84	-23	80	-20	-15	-62	8	59	39	-23	33	4	96	8	-36	27	46	-87	82	-15	41	-76	28	83	-55	-15	-91	-29	57	-57	78	-71	-88	-3	-66	20	95	61	-36	95	-55	-83	82	-38	-50	-90	85	5	-19	95	-78	97	-17	0	7	-97	-58	-60	93	-84	-99	-76	87	9	-93	44	20	0	4	43	0	-25	20	-3	88	62	-18	23	-24	64	37	45	54	-99	-98	
21	-82	-61	-84	-20	-8	-12	25	83	-68	70	61	66	13	78	59	14	-98	-48	-44	-6	-55	-30	-6	-81	14	31	19	-42	-15	-95	-72	-68	-90	-4	-88	39	81	27	-87	61	-64	28	93	-67	-95	35	28	-89	23	5	-56	59	-17	76	99	58	33	-98	10	87	-83	-77	-77	-82	12	-63	-83	9	65	-58	-74	79	3	85	-98	75	-46	97	-70	-75	67	54	65	-4	0	-46	30	-33	58	-51	-91	-42	30	13	19	87	-80	42	-9	-80	-60	-36	-56	-76	-89	-75	58	22	-56	-42	25	67	23	54	-7	95	13	61	-1	-87	-22	-75	79	-69	85	-16	93	
-19	-44	1	-60	74	28	94	-29	72	44	-32	96	-64	-17	-44	-15	78	-90	-14	-28	-76	-27	90	-4	60	-13	77	98	43	-73	-29	56	-51	39	-48	-57	-76	-99	45	-32	56	2	-7	-78	19	-90	-91	-8	96	11	-67	-21	-9	-14	28	-64	92	22	-71	2	-52	91	43	90	99	-36	-74	62	34	-89	-76	-99	21	-20	-21	35	70	21	30	57	64	0	-7	-21	91	4	17	-88	-24	-34	-86	-71	-1	74	55	-13	76	-10	-27	78	-47	-90	-38	-6	-90	-60	-62	85	28	-47	-42	-8	-25	-6	-54	75	-19	21	48	71	-20	-67	-68	-46	15	32	-5	-32	
-11	38	-27	-23	-84	-55	-72	-23	10	-26	-99	27	69	-76	-52	60	51	-84	65	28	52	-33	13	-20	-52	54	23	-18	45	71	7	-64	-82	40	-8	0	-55	40	-95	45	10	2	85	-82	20	31	36	42	-47	70	55	-19	9	-31	-23	-55	80	71	30	-47	-58	82	-77	-18	-58	84	63	-76	15	-80	36	-76	-45	33	-53	-78	-62	11	36	-67	21	60	-7	-9	-43	64	77	-47	-41	-50	-12	-62	92	-65	54	-26	-36	61	-74	-21	-12	-1	79	-64	-29	-70	98	-68	-58	22	71	41	-87	-55	-76	32	14	31	82	-69	-14	-58	-25	55	12	48	78	-95	
-95	-80	-26	13	-45	-38	-43	44	0	70	32	60	54	32	2	-51	77	-22	95	-1	83	-72	-99	84	-74	76	31	4	-50	-70	16	2	-56	1	-11	-44	-94	73	89	93	63	-70	-10	-83	-63	65	79	-24	-44	39	80	-54	4	20	84	8	86	45	-5	-9	-34	-99	-94	-2	54	-97	29	61	78	-30	-46	-65	-69	81	91	47	69	91	75	53	39	-15	-54	5	9	99	25	92	27	-26	68	-96	24	53	33	-80	-10	-92	76	-49	36	97	18	60	-67	68	-64	-25	51	-40	-86	-60	-20	12	-1	87	-67	51	78	34	-2	-80	-18	-6	-37	58	19	23	
23	40	1	-66	16	-5	-85	39	94	5	29	-87	10	41	-16	-72	52	69	44	-74	5	-6	23	-29	-69	-35	-49	17	-19	-40	27	28	78	-36	-32	35	94	31	-39	-91	-46	-6	0	-7	-86	8	-65	44	-85	69	-95	59	-98	10	-51	97	80	97	31	5	57	-82	-53	-17	-10	7	-43	46	9	-82	11	61	34	28	68	86	-50	99	-98	45	54	66	23	-94	-74	44	-7	-80	69	63	-94	14	22	52	-81	82	-3	-89	65	59	64	76	65	-17	18	-75	83	61	-6	78	-12	27	-13	-93	-3	70	-12	91	-7	64	93	-42	81	34	-69	27	-77	0	
-74	20	-50	-49	-89	-92	-52	-74	-47	-22	-23	68	21	-78	53	40	-77	56	51	-94	-97	-88	-94	48	-30	-22	-79	-99	89	-2	-8	21	54	65	87	-49	-97	38	-52	84	-9	-41	0	44	-69	-31	-40	-67	-82	52	95	-5	-91	-87	-82	31	-82	31	16	24	-73	67	60	-60	-19	15	17	11	69	57	-23	43	-64	-40	2	69	25	41	24	32	17	-62	-72	95	-25	-45	-92	-5	-66	-40	-15	-48	99	77	94	70	13	45	11	-31	-45	-36	16	-50	91	-55	53	-98	-44	-79	41	-49	-38	92	39	37	51	79	71	-53	-72	73	11	29	-51	93	-62	-47	
41	-2	66	69	-69	-88	-82	-54	2	-32	51	-21	74	-95	9	-88	-38	35	-86	26	57	95	9	45	77	-25	91	82	-14	53	77	30	36	-72	73	-29	-14	21	25	-86	-96	82	63	4	47	-4	-3	39	-51	13	-63	7	18	4	0	-98	-6	84	-49	-50	98	72	-41	92	76	70	51	72	-10	-16	-70	7	99	-50	83	97	8	86	-33	94	-39	-4	-46	-63	-4	19	-98	4	-73	-50	7	42	-20	-65	11	-67	-80	-45	0	86	92	32	-35	-92	-94	-17	93	-17	-91	-20	98	-57	-63	-56	-14	21	48	2	-41	44	41	-89	24	0	-93	74	12	21	
85	39	-20	-10	-65	-55	63	-46	12	-42	46	-56	-67	35	13	-7	-34	-53	-11	-74	-32	87	81	-3	-20	34	-41	-11	-24	92	55	-91	49	-96	61	89	-5	-41	-61	84	42	52	13	-96	-62	31	91	-59	-20	5	-31	-26	22	74	64	-68	30	94	-36	-37	82	68	44	-65	-35	-97	16	-54	95	25	-40	-69	67	17	5	6	-28	-12	-53	88	0	59	-12	59	43	18	-83	-57	-55	9	33	52	41	37	95	88	62	64	-61	-34	13	-91	-93	-50	75	-13	-27	-74	31	-67	89	73	-55	-30	66	25	-18	79	69	-63	92	56	-95	-40	46	4	15	-90	
71	38	86	-20	36	71	-32	1	15	-96	-92	-88	-96	25	26	81	88	-87	39	30	59	32	88	68	94	-66	-5	28	51	12	21	74	17	-36	-69	-83	20	-23	-4	-15	61	-89	36	68	-23	-16	-26	57	4	3	-12	-5	-5	44	24	11	-93	56	-70	20	-8	-93	-78	-81	-48	-7	-22	96	-93	40	-3	-59	4	-29	91	23	-37	-38	19	98	-8	-79	70	62	-71	-37	-58	23	-11	-41	54	57	33	-7	-19	23	-16	-9	81	-54	78	-79	-39	-3	6	-8	62	52	13	-52	69	11	-82	76	-44	-20	25	-62	-53	18	-15	72	-43	-76	-39	40	56	-98	
-24	-5	56	46	-76	49	78	93	45	70	45	-45	-27	45	-41	25	70	37	8	12	-44	-18	81	16	-80	16	37	10	51	52	-3	-10	-61	5	35	6	31	54	-88	40	-60	-94	-21	67	16	70	-1	-45	-32	-84	-72	99	19	-20	-75	-29	68	-38	32	-67	76	-19	69	-92	-19	22	23	-99	27	-2	32	-90	-59	46	85	-91	-2	-44	-79	78	-17	-94	25	-34	17	7	72	53	-30	26	65	-81	32	92	-66	14	22	27	58	52	2	28	-60	-10	34	58	58	-19	69	54	-33	70	81	-55	62	67	-18	-44	-30	-69	95	-67	22	44	-2	-78	-71	-95	
-49	-44	-9	29	12	-58	79	10	10	-81	20	24	-28	15	-55	-3	-13	-68	64	-54	-22	-22	-91	81	-65	-85	39	13	-64	66	-38	75	-22	-78	-93	-14	-96	70	72	92	13	-75	-39	72	-68	74	12	-62	-97	72	-76	-59	78	-63	32	40	37	-1	56	-31	68	-35	-58	-67	42	51	-82	-95	39	11	70	68	70	-83	-47	55	-71	-47	-92	42	10	-58	3	-52	16	17	70	46	-58	19	-44	-72	-69	2	-90	-48	-37	-92	64	-86	64	71	-40	-76	48	-56	-74	64	-52	56	62	43	-63	43	37	12	36	-36	-53	27	12	-98	-63	-33	81	59	-98	-47	
-42	93	24	-33	41	-41	-86	-48	-3	-88	60	82	14	89	-48	-27	-30	-22	30	19	-76	-69	80	12	-67	-49	-73	-73	-29	53	-50	72	-4	-39	-1	57	70	-92	-48	-85	57	-44	23	-22	84	-82	-11	-19	0	2	-21	-30	-91	46	-79	-55	71	-70	73	50	-72	-43	90	0	-74	43	-66	91	0	1	-74	19	-60	43	35	90	30	-91	48	-63	-50	-74	84	78	7	20	-87	30	30	32	-23	24	-8	-73	-63	35	47	30	-26	-20	39	-67	-81	26	-27	-32	-33	55	76	-1	-69	-53	45	-48	-95	-58	61	-13	79	9	49	-61	50	-75	98	18	-65	84	
-59	87	4	-93	-26	-64	-49	17	-67	33	95	0	-90	13	42	-22	33	13	-58	7	-69	-95	-98	21	90	-39	20	-83	-9	-69	-97	-10	53	-20	81	-1	-3	73	-60	-71	-5	92	-53	-87	76	-66	-1	-56	-51	22	8	87	-23	65	-59	-38	-50	42	58	65	-38	9	12	-98	-94	-49	-96	65	-1	-7	18	-28	-75	-71	0	-21	-73	30	-47	1	0	-47	43	-20	43	-60	-24	82	-59	37	-95	-1	40	-57	63	-33	65	-16	-98	56	-67	7	-5	-43	-96	79	-91	15	-68	23	87	99	-42	-13	-56	-33	38	19	-83	63	-47	-74	27	21	65	78	-54	-58	
98	-88	45	-82	-66	31	16	80	-89	-1	99	11	-20	-22	-20	-74	-3	24	39	-85	-9	7	-11	89	-98	-69	17	15	23	15	69	-65	7	73	-48	5	-27	-35	-4	43	70	-53	-46	29	9	-68	38	-54	-22	97	-38	80	18	8	43	-30	16	-54	7	-35	32	98	-88	21	-32	34	-24	-40	-34	69	0	-95	86	31	-37	61	74	-92	64	-25	83	71	-78	-2	60	-45	23	29	-46	3	-82	-5	28	-71	-15	-92	-8	-10	-76	-54	35	-49	-44	20	42	-26	91	33	-33	-63	-52	-2	-20	-50	-76	-36	56	-74	-67	91	-69	38	53	-84	-27	38	56	-92	
-5	-76	-99	98	-2	7	19	-31	21	-5	-44	65	38	-54	-96	-74	-93	-36	-66	-99	-10	90	9	-22	94	-9	-69	61	29	-5	14	32	-33	-51	-6	-72	-60	-98	-35	4	51	19	-39	32	-48	-47	69	21	-51	59	26	-25	46	60	99	63	-30	-24	-15	91	-46	-77	-21	-23	-74	-33	-65	38	34	45	-68	-36	-42	72	21	24	5	-35	-3	2	92	-29	-46	-69	-23	65	-74	41	-66	26	29	7	-56	-65	-53	89	7	3	43	-85	39	-9	-57	31	68	-15	-12	37	-16	81	-74	-15	-45	-35	95	6	24	49	-18	-8	93	-36	97	-79	-28	-35	-34	-36	
-73	-20	45	3	-94	-6	-88	-3	90	40	65	53	31	51	-91	-97	-12	33	-97	82	-93	56	54	-15	2	84	78	16	-26	-79	-56	-34	98	29	8	39	51	86	-58	-50	-61	-80	-23	-5	-64	-72	-13	92	26	-59	-36	39	97	45	79	67	33	-37	-96	-10	-79	-85	41	7	-55	5	-16	31	-21	20	-75	-46	87	16	77	-48	9	0	-14	69	-74	13	-70	-56	24	45	17	-59	78	40	-2	-12	-73	66	-72	61	-14	42	-74	-29	-79	-49	-69	53	35	-2	-33	-6	-79	49	-12	50	-88	-64	43	-12	19	-71	-73	35	21	-51	4	64	81	-86	28	-21	
33	-31	30	3	-9	-37	-50	91	-61	77	51	52	58	-79	-80	55	-89	42	33	-20	71	25	-33	-96	15	-64	-18	-3	-7	63	-38	1	8	50	-40	36	31	-36	-81	-63	57	15	-95	51	-5	90	36	-23	38	-90	-96	41	39	-48	61	-21	-42	93	6	92	63	-7	-78	48	-55	47	16	35	70	-80	46	-2	-89	25	-93	-59	-5	12	48	52	-3	-7	-93	27	77	99	-8	63	-50	45	-10	3	-74	-99	81	-77	-55	-4	-30	16	91	-82	69	49	-86	-14	-2	-12	86	98	-18	-3	-12	26	-92	2	10	87	30	-99	83	-65	83	62	92	-40	-41	36	
4	-48	57	83	36	-51	-12	87	-15	33	-81	72	61	-39	-9	7	-43	-65	-59	72	23	17	-25	-83	-8	91	-16	18	-81	-31	86	59	-99	-81	24	-57	-28	35	-31	46	87	33	5	-33	-9	32	7	-76	-15	-16	63	-92	52	49	98	74	85	-92	11	-33	94	20	-57	-12	-58	-68	-6	-18	40	-93	15	-79	79	-94	49	14	-93	-48	-83	26	93	67	7	61	-57	-41	-25	-24	-92	46	46	88	-47	-93	1	-76	18	-49	-33	-77	68	62	-91	2	-56	-80	-13	97	-9	-95	14	-8	19	-62	-19	94	-15	-84	-46	-94	-87	-61	-95	-13	1	66	-84	3	
-35	-7	62	45	61	83	68	66	4	59	37	-3	86	-57	99	-26	31	40	39	-70	66	-12	-35	41	57	-38	26	-85	-66	34	-7	-51	46	31	80	-89	7	-33	-83	-33	27	87	-68	-69	-18	-51	-16	-64	-97	51	49	-75	-46	-2	87	-22	10	-72	33	-64	45	-30	-21	-28	-42	-47	25	52	35	-53	-42	41	89	35	-54	-27	19	66	-3	-63	78	42	-38	27	-1	0	12	-1	-6	-25	-40	-64	-13	-5	-77	14	-31	11	-3	-47	74	52	92	-89	-42	-10	22	94	57	-3	-72	94	78	77	-99	90	-27	12	48	-69	71	76	10	-80	-74	-54	-54	-2	
57	-66	-7	-82	-98	-5	0	92	9	-17	44	-40	-33	69	47	-20	-54	13	42	-47	-41	43	82	17	-56	-63	35	23	-50	56	-67	53	-14	-86	61	1	-89	48	31	-14	-3	92	33	8	-11	-32	-45	3	4	-68	26	73	17	-90	39	-92	87	-33	4	-56	-10	50	-78	66	-95	-1	-7	-41	-47	-29	41	-81	-58	52	-60	-35	1	29	91	66	82	13	-93	18	42	31	-20	15	-31	46	28	65	-18	-13	41	49	-47	-17	20	37	34	-98	-85	-85	34	-11	-16	44	74	-97	-88	91	-12	-80	95	99	-38	-36	16	-44	-57	16	-88	12	21	-31	-59	97	
83	-8	47	60	-9	65	-21	-79	-70	-56	-8	-21	-82	40	79	-65	67	-44	-84	-3	56	-23	31	60	-99	59	89	37	89	-64	67	-34	6	0	39	-89	-76	26	-15	-60	-55	-74	57	-67	93	-67	65	46	-84	-66	53	-72	-72	41	-36	6	-78	39	-95	-33	-42	0	-58	-30	44	-70	-8	-32	92	20	-79	72	-10	44	-70	-46	-82	-71	-45	87	3	39	52	-44	-97	-25	-42	-34	-62	-9	8	49	-54	35	-26	40	-32	-93	3	-80	-53	29	56	-51	-45	-6	20	-49	-80	-25	63	40	49	83	74	57	-73	26	53	51	-41	5	-17	87	-94	8	-82	4	
85	36	-55	-38	-84	-10	45	-37	-23	0	52	-42	-4	-56	-50	21	-52	46	-56	-35	0	78	11	-36	-13	79	-27	64	-24	21	84	-62	53	43	45	-1	-28	95	99	26	71	30	-27	-34	-66	31	3	-39	54	-69	-18	-50	2	-38	-81	-67	21	55	-44	-5	-50	65	81	-61	-44	-40	-52	60	-39	-9	-14	-77	-25	37	-26	-84	30	81	-58	-51	24	16	33	36	75	-45	-73	-78	7	20	-61	62	5	-6	-86	-18	1	91	12	8	24	81	28	48	-26	72	-24	30	78	-45	-95	-78	-51	83	1	-54	-49	27	47	-16	-95	61	-75	53	-81	-69	66	76	
-73	84	55	-5	-27	-33	60	0	-42	79	-58	22	82	19	42	-18	7	43	-94	19	32	-99	-6	0	14	-69	63	15	-34	98	29	45	-24	-52	40	-43	-76	17	94	-87	0	84	0	12	33	64	80	-4	-1	26	31	-17	-63	-95	-55	70	91	-22	58	-79	98	-59	56	86	-23	-2	33	-14	58	58	44	73	88	-27	-82	-90	53	14	-16	70	-64	98	-96	-98	-74	-19	-89	5	40	-76	-43	7	20	-58	74	-80	-5	40	-42	-59	46	-90	-75	17	33	-42	12	-77	-74	-72	-69	-91	82	32	21	45	-74	-7	84	17	70	-97	64	18	15	-91	-95	-62	
-65	-55	-38	-10	88	-14	-94	93	95	-51	-70	51	-13	-73	77	-90	82	-33	50	-36	12	15	-35	-76	51	42	49	-10	88	75	71	59	-63	77	87	-3	-64	11	79	-82	-66	-8	-22	-82	2	27	-27	-78	83	-7	-20	74	33	-36	-76	98	-47	63	77	31	-7	-4	-96	28	89	2	-49	-46	66	-98	5	-89	-55	-21	-50	63	62	47	1	-90	-14	52	-73	50	-33	85	97	91	79	89	69	-42	72	-43	16	-64	-78	98	-67	-94	48	-39	58	-55	-48	19	-49	-1	-3	-48	-30	-54	-33	-63	52	52	-40	3	-27	37	-54	-44	-22	-30	-94	-98	-94	84	
57	79	-56	14	76	96	27	-30	-93	-90	-76	94	-50	-47	-96	24	79	-15	87	85	99	-18	-66	60	-27	79	70	-26	-17	-17	6	19	-96	-25	-68	47	-95	45	-18	25	-8	1	30	3	-53	61	13	-1	-19	46	41	-54	-63	-50	10	-79	-31	49	12	9	-77	77	-55	5	8	14	48	-38	-73	98	15	-53	10	-60	60	39	-95	32	98	30	-40	8	-65	-5	86	25	32	0	-38	-68	-33	-39	-28	31	61	-86	-58	95	-93	66	3	33	74	-30	-97	-62	-58	10	-26	66	-7	41	-98	93	88	23	-54	79	93	-93	-11	-24	-10	-61	80	-27	79	5	
-9	-21	-9	-41	-4	45	-81	91	46	-67	-1	-48	-55	-22	97	-15	-78	4	-84	-55	-18	-37	-43	97	-95	50	-44	79	26	89	-32	-82	-93	2	36	18	62	59	-36	46	-24	-28	99	71	-12	1	16	7	73	-91	71	69	-64	-90	-88	-84	-37	-84	24	-65	-19	85	53	49	-6	41	-1	14	-42	-18	-45	-94	-66	-70	85	-79	-54	43	-9	-38	36	97	-93	55	20	17	79	99	41	-88	57	34	-35	22	74	65	-92	0	30	21	32	16	-2	-9	37	-74	68	61	-39	0	97	76	84	-27	36	65	-40	-84	2	38	42	-90	74	66	-35	-30	36	-74	
88	-86	-2	-97	-38	-89	27	-83	44	-32	-25	-83	-69	97	77	29	76	93	71	25	-77	-1	94	-26	58	9	-13	-48	10	91	-20	-4	-92	27	93	-73	-19	26	11	-4	16	57	9	-64	2	-11	-32	-71	-18	39	-55	85	91	-40	-68	-76	-61	18	-43	-43	-41	72	22	-1	46	55	-5	-76	56	-3	13	61	17	98	13	-59	47	-32	27	14	-26	-74	14	-80	72	95	-15	-64	-87	-45	-7	58	-40	29	28	-92	-17	-38	73	2	54	35	5	-54	66	96	60	-80	1	19	5	-88	-81	54	97	-52	6	-73	91	60	83	30	16	43	-20	51	25	0	
-69	65	-15	-23	-9	-90	-28	57	-59	6	51	97	-63	-53	91	-98	-11	27	-86	53	99	48	45	42	-49	-32	49	-28	29	-4	-86	33	-70	-28	15	-56	-28	-45	13	79	87	-15	45	0	-76	-99	-58	12	-44	37	26	-25	-49	80	9	-78	75	-84	-41	98	88	32	-29	-28	36	-33	63	-21	81	79	17	-43	-55	-16	-64	65	12	4	-93	-67	1	-96	64	81	-75	-92	-70	36	-16	-73	-18	-37	40	76	77	15	0	-47	-85	-14	-41	4	-94	-88	44	95	-3	97	78	29	-21	38	-60	-38	-18	58	62	70	-55	-71	-71	67	-51	22	90	36	48	-84	
-65	6	26	43	32	50	24	91	-88	74	27	68	-48	-80	-31	-57	91	32	32	-10	-92	-4	82	-16	-58	61	91	-54	-37	40	2	17	13	63	28	10	-86	-41	13	90	52	8	-84	35	0	42	-25	0	13	-88	-41	67	-16	99	18	-53	44	-13	76	-49	-29	-35	-56	49	3	-15	-39	75	-91	36	15	31	-55	87	49	-11	85	37	-35	-62	-75	-87	-12	21	89	-16	99	-64	96	37	-44	76	99	-70	51	-77	-15	40	78	35	70	72	-3	27	-91	-44	-69	-65	-85	-55	-25	-14	-96	-19	-19	-42	-10	15	54	12	-11	-33	33	-1	-39	-7	88	-4	
32	10	-82	-45	22	-5	56	22	29	-52	6	33	-9	61	65	85	93	1	-4	-19	-11	3	45	-39	84	37	-96	40	-62	58	19	-29	-42	-91	-80	-25	-86	11	-9	6	45	36	17	50	-31	-10	3	-15	-73	-44	69	98	1	-87	16	56	-40	55	21	-88	-18	55	-90	19	-80	69	37	5	-33	53	89	10	6	38	-75	84	76	-66	-13	82	6	95	-75	-38	-96	57	53	18	-89	-91	86	-61	66	81	69	24	70	71	71	53	-53	56	-82	70	34	-39	-40	-83	-31	85	-83	76	81	99	-9	-24	67	73	-7	-24	9	-14	67	-8	-65	-99	-8	54	
27	-94	9	-3	-52	77	24	-5	-68	36	-69	34	42	-87	13	92	-98	-81	-57	84	-13	25	-67	-75	2	-71	60	-11	-43	-5	44	-49	35	50	15	-6	53	-70	66	-8	-61	44	37	-27	-6	-89	-81	44	69	62	-34	17	56	-59	-89	-42	0	75	-94	-22	39	-2	49	37	46	-8	72	-71	-69	-2	-2	-12	35	-44	-93	-34	29	-53	-88	-1	94	-66	91	-46	-19	-22	-44	-76	-73	-62	-38	99	-37	50	46	-59	65	-58	-14	-20	-4	8	-76	33	9	67	-95	67	70	58	-20	61	-95	-45	76	96	-59	34	92	88	-66	1	-22	94	37	66	23	-47	
-47	-80	-62	9	84	61	14	-30	5	-93	-51	-77	41	-50	22	-34	93	98	43	-33	-54	-57	95	52	71	-85	-85	-15	57	42	66	1	44	19	-10	-67	-98	88	-16	98	38	13	-49	-2	-97	38	77	75	-95	13	-98	-74	-57	93	-55	64	27	68	-10	35	71	-23	-69	-22	96	-21	67	-94	58	1	31	58	-47	40	53	-68	5	-72	-93	90	81	87	59	25	21	-82	-44	67	22	0	87	-51	-12	-70	-70	-99	23	-53	-20	51	57	-50	29	-97	-29	-79	19	12	-7	41	94	33	-80	-52	69	-98	-41	-84	-69	-26	-32	66	-89	-86	-12	-29	21	76	
-53	-5	87	-5	55	3	71	23	-87	-6	72	76	-73	-95	21	-99	-3	1	-12	23	-47	92	-8	74	62	-24	-78	71	58	97	-90	-6	52	-89	-65	-84	-91	83	-48	-94	-95	45	-71	76	87	-61	73	24	78	94	-77	-59	10	67	-57	-69	-84	29	87	-89	-82	4	-21	84	-45	46	12	43	52	82	29	13	-22	25	-51	35	-68	92	20	-92	-11	-93	-47	-47	51	-61	36	-98	21	71	89	58	99	50	-32	89	-84	67	-71	-35	99	-59	28	98	-32	74	29	-82	-88	-51	78	-15	75	-49	1	25	-86	-41	93	15	-9	-50	-75	70	-68	-35	-67	-64	
37	45	-50	-44	58	50	-24	-80	-8	28	18	-2	25	-36	-91	38	13	-20	-5	52	1	66	-73	63	-32	-20	-43	-88	-11	-12	-24	-83	34	6	-19	-7	17	-98	24	-27	5	-59	21	-68	-24	-39	-35	90	-26	12	11	-18	-45	23	-29	81	-50	87	-40	-8	40	64	69	48	55	-45	32	47	-83	-2	-72	-51	76	-98	-99	32	5	-67	56	74	80	82	86	94	51	37	33	50	-32	78	-6	22	59	37	9	79	82	-54	42	93	50	72	-24	-96	-22	-91	89	-39	7	-68	40	9	-12	-95	17	51	72	-6	-98	-56	81	-1	-12	70	-21	-39	89	37	
-65	-7	-73	53	86	-45	13	-56	52	16	50	36	-29	85	-77	-72	-7	-28	42	-82	92	12	33	4	-78	-50	59	4	15	-8	-64	86	-12	7	47	35	-69	0	-21	39	-25	-32	-81	-73	77	92	-66	-68	-96	85	69	-86	-21	-92	-91	-45	26	52	-65	55	59	40	77	56	89	-68	-66	49	44	33	77	3	-8	-10	34	21	16	23	22	70	-76	22	96	82	-64	-80	-47	97	-44	-33	-77	-75	-68	-91	-33	-54	-4	53	47	46	-55	-57	62	-62	15	-36	-2	-90	-14	-12	-96	-58	94	5	50	-57	-82	-60	-69	-55	70	-81	55	-94	-5	70	-77	58	
43	17	-19	51	-40	-49	-86	-98	96	32	-3	-77	37	-14	-79	-37	-87	-20	80	11	35	-35	65	34	65	-17	-45	-80	-94	96	-70	0	-40	68	-43	94	93	-57	14	72	10	-51	-87	38	30	59	73	63	83	-86	-15	-61	-9	-67	62	-55	32	28	43	5	-6	78	27	-44	77	-40	-63	53	-72	-49	-63	59	15	-18	58	-84	-87	-47	-56	28	75	-29	-23	63	-6	34	73	-68	32	99	10	-59	97	68	51	-42	-18	68	-6	40	-48	86	67	-62	94	-95	-48	6	65	-3	24	-46	69	-35	99	93	50	21	86	-73	-48	-89	27	-93	-22	-61	46	40	
74	95	-3	25	-20	-74	-33	43	-68	29	-79	-92	71	0	64	84	-68	68	20	-76	43	-51	-99	61	-78	67	65	-11	-64	-57	5	71	-25	-97	85	90	24	9	87	95	-13	-75	-25	18	2	21	21	-85	-85	-96	7	-3	80	-59	-84	37	-72	80	-3	38	-26	17	-57	-97	-36	16	-81	27	85	33	97	-70	-35	-67	-49	96	70	74	67	21	17	-50	-9	-64	69	-15	-68	-88	-36	94	-14	-64	-3	-11	-14	77	-21	82	-10	25	95	-97	-79	20	-94	-5	5	-96	60	-83	-43	-57	92	-95	89	33	66	1	21	12	87	-27	39	5	-82	25	-52	89	
78	99	10	-4	16	73	30	-4	3	-14	54	-93	-11	-13	-56	-13	-91	54	-97	81	-20	-2	-40	72	41	89	-10	-83	-4	-42	3	-99	19	0	15	34	36	-90	-47	23	-53	-36	-98	-90	-20	66	39	-22	-70	-79	-3	25	55	-19	-82	43	-58	-51	4	-10	25	-52	-42	79	-48	3	-76	95	-48	-86	61	69	13	80	-14	-94	-19	-60	24	-31	-2	-75	-66	-14	-37	-48	-33	21	91	64	-96	49	-60	-33	-53	56	-50	38	-2	83	-4	41	2	36	20	-50	-15	-84	66	60	34	-79	49	1	73	47	-69	18	55	-16	-60	44	-70	-51	-98	-8	81	-68	
-8	37	-7	-10	-25	-99	35	60	85	-71	-37	44	-86	71	-43	1	10	84	-23	-45	-27	-33	63	-10	2	-56	55	-27	57	13	39	4	6	18	87	-82	11	-29	12	26	24	55	-36	25	33	-94	58	-73	92	97	58	98	98	47	-70	-78	57	77	67	38	46	-25	36	-20	42	63	49	22	-92	-10	-44	8	-73	98	-41	94	21	43	70	41	32	66	-18	33	58	-25	-32	7	24	98	-42	4	64	-77	-14	-47	23	-32	54	-5	-60	-19	-68	-50	-84	-9	93	93	-64	-91	41	-29	4	-58	78	-23	-98	-83	20	-11	-85	-82	-86	-87	98	85	-70	-56	
-27	37	-34	-47	-6	-50	67	83	82	-83	45	-74	50	-87	73	-50	62	-9	99	80	-91	36	92	-12	88	-46	-18	-30	32	44	13	62	34	-75	80	-43	37	83	50	7	94	25	30	-85	-76	71	25	68	57	97	2	-13	-72	73	95	-66	90	-55	-50	-34	-70	20	-91	-59	-36	-90	1	-82	-52	1	41	37	-10	-4	-85	38	-96	-55	-51	40	-22	-77	-86	-2	68	37	22	-44	-71	-96	-39	64	97	-27	-85	87	-98	-35	28	-74	-92	-9	-39	-50	-54	19	85	-81	-54	82	76	50	-89	-63	-75	-18	-2	34	86	-3	-83	-86	9	2	-27	-58	57	35	
-99	-17	88	-46	15	35	18	94	-17	70	-99	-94	9	-34	14	17	-20	-91	-70	3	-19	91	33	90	-69	-30	-37	-98	29	16	-54	-60	-68	-87	-90	80	84	-50	-60	69	5	-1	75	40	-84	0	42	17	-65	53	50	68	-56	-5	-14	49	-77	-13	2	-9	-62	-29	75	-67	7	-47	54	45	-37	31	28	23	-83	61	42	-76	37	-60	-56	-52	49	74	66	70	-25	6	35	-62	66	-60	-98	64	-93	-99	4	18	-50	-61	67	-71	-85	-97	7	95	86	85	91	-24	-78	-38	-27	-40	52	46	-84	-11	0	94	71	-85	-44	47	76	-24	-95	88	-71	53	
33	-95	-73	40	-19	-33	-76	0	92	-60	-19	-74	98	41	-95	45	-50	99	50	97	-25	60	0	-26	-60	13	22	-97	54	-42	37	31	-83	11	-73	-3	90	-4	-27	34	68	-18	-39	62	-59	-47	-95	-36	12	64	59	36	-82	43	70	-49	77	-80	-35	-61	99	-95	91	-77	82	89	60	-94	17	55	-66	29	24	63	56	58	38	53	-84	-85	75	11	4	-33	46	-13	45	8	4	-81	0	-19	92	-20	7	98	32	74	-18	-11	-97	-76	-19	-64	60	-88	-36	-3	33	-8	-80	79	-67	54	62	1	41	5	66	-41	18	-90	89	-86	-20	67	-4	18	
0	-60	41	-77	91	47	-8	87	70	33	-75	34	18	48	-99	-98	42	66	-72	18	31	24	58	-18	-93	-39	28	-67	-78	-73	-86	82	-35	64	-96	23	4	-71	63	-42	45	28	11	72	15	-71	21	-83	54	-16	34	-30	90	52	-94	-13	31	-65	41	-36	87	-10	13	69	45	69	76	-21	4	72	71	-39	-31	-49	46	32	44	45	-40	76	-51	20	97	-98	-66	1	-59	-96	0	-66	82	-83	46	-88	-47	76	-10	-78	-90	-14	98	-98	-59	52	91	58	70	-55	22	-54	-60	-21	79	82	-28	-77	63	-88	73	-34	-12	-41	85	-50	-40	-30	87	-23	
2	-39	-54	61	96	92	-94	-86	22	40	-24	19	47	-69	-52	4	50	-41	-11	73	56	-81	43	9	94	25	-44	40	46	-29	54	-57	28	12	5	51	-3	-16	51	64	78	-20	-33	65	-70	-30	79	84	-90	-51	-33	-61	38	87	54	38	40	59	71	5	71	69	26	62	1	69	-19	27	-60	-50	65	51	0	31	-88	65	-75	14	92	74	42	-32	-26	-23	-74	-52	-15	49	-67	38	20	66	42	-1	10	-79	-71	18	-76	-83	16	94	-91	-50	-76	65	-96	-44	65	76	25	-31	-71	93	-92	-50	-15	43	40	17	33	18	-67	-71	12	59	-55	-85	
-92	-74	-58	96	20	84	-36	-82	-37	-3	66	-88	22	67	-89	-56	-34	-18	6	-70	-58	43	8	69	-77	-53	99	-74	-40	-3	98	64	-41	77	49	-30	54	-7	-51	-12	52	-76	59	78	45	81	45	-28	-80	90	-5	41	-45	-26	-28	29	7	-37	56	18	52	49	49	88	-35	62	-50	4	-56	44	72	-70	30	46	-26	-44	20	28	-23	-50	-46	-3	-20	95	90	14	-16	95	95	86	-10	-3	76	51	99	9	65	-45	73	15	84	30	69	-48	-71	89	-68	-63	-76	43	67	-77	-70	22	67	-10	70	53	18	55	-39	22	89	4	3	-44	4	-7	
48	21	-71	67	-25	33	-25	-85	85	-76	-45	-43	79	-23	-13	62	-63	-28	-16	80	68	-36	53	-62	-81	-16	18	-78	3	-34	-83	81	32	-33	57	-41	-78	-24	-3	-22	77	14	2	97	94	-73	-80	-77	-16	13	-28	-51	36	-90	14	28	4	-90	-36	-64	71	60	96	-68	0	-37	39	-86	16	-20	-42	-25	-91	56	-4	10	-62	-79	60	-22	80	92	0	47	59	51	68	51	-93	91	32	-24	75	56	-54	-51	90	-6	26	63	25	39	-44	4	54	38	-48	-85	-70	-63	72	-63	10	-57	-26	74	87	96	7	-20	-48	1	-73	25	-80	71	-55	-19	
-7	-54	-1	-37	-93	72	-87	67	-3	-36	58	75	-2	48	85	-79	-48	30	-66	-41	6	65	-10	32	4	-93	-82	-5	66	98	73	48	-63	-74	98	-42	33	1	-43	8	3	61	73	74	-24	95	49	22	-73	-95	64	80	-48	40	-68	90	53	-60	-74	17	-58	-48	59	25	-67	9	61	80	-75	52	-24	70	49	-55	69	-23	89	40	42	-82	89	-97	-84	-63	2	7	-61	-56	-61	-34	37	-62	-81	27	71	-89	4	14	69	53	-44	50	90	68	-23	-86	-64	90	-3	-24	-79	-87	53	-77	-31	45	-94	33	7	-40	-7	94	-27	-20	2	-56	59	-70	
49	-38	29	7	-83	-12	97	24	-83	-28	55	92	94	43	96	21	64	29	46	-21	81	76	38	-36	-71	-32	65	88	30	-16	49	76	0	11	-94	-29	65	-59	58	-26	-63	12	-39	92	36	48	-50	2	81	-50	97	56	88	19	62	81	7	6	46	-20	-12	-71	96	-65	39	-6	-46	99	-29	34	67	20	12	-26	-78	-92	19	4	-89	-45	37	-16	-17	-23	38	-41	-76	-33	41	99	57	-61	59	-44	39	28	-45	-13	-64	65	-97	9	-20	13	-5	-84	8	43	15	-19	80	31	-95	-44	84	15	-67	-58	-70	1	-88	-41	-35	-67	-23	-5	-85	33	
37	93	-86	-7	84	-46	41	-81	-37	82	-59	-23	-88	-90	-69	-11	-53	-31	-64	-50	-56	6	95	31	-13	-6	68	-59	62	34	77	89	-1	27	11	17	73	-20	-62	-1	70	0	41	46	13	-86	30	-73	-99	-49	77	-81	-42	71	-58	-33	84	18	-97	-28	-97	-52	-93	-12	78	-55	-80	62	90	-80	10	-80	-98	71	15	-5	-17	-92	-88	-2	70	-78	46	-77	26	-89	70	82	68	16	-4	47	-84	-83	-48	-42	95	73	-62	-30	8	-77	88	-51	-13	43	94	-43	-35	2	-64	-58	17	1	33	20	2	24	8	3	47	95	-90	71	64	64	-22	89	
-53	71	26	-32	-92	-23	36	78	26	-77	-11	45	26	-56	84	39	-92	-28	5	98	-69	54	-53	93	-57	-99	-70	-95	-57	0	-53	83	54	-63	-24	-13	40	3	-51	-76	18	28	-23	-41	-80	78	34	-31	-24	0	-60	-95	-33	45	99	93	-48	58	-98	-8	-94	-15	-99	16	45	24	83	-10	22	1	81	90	21	5	53	53	-3	-75	19	-77	-12	73	25	64	43	-72	64	5	-16	8	27	-16	34	36	-86	21	-20	46	-82	97	28	-53	-84	-82	-73	-21	56	-83	32	47	-85	22	-14	-3	-31	73	-21	-3	37	-58	-32	-62	69	-82	69	-25	97	64	
67	-8	19	-9	12	98	2	-11	89	-26	-23	-64	37	-50	-88	-98	-33	-6	-91	97	33	4	8	22	-93	-8	-9	-60	-14	-33	25	-62	89	-15	-89	-36	-63	-9	60	21	84	21	6	-91	-43	-26	7	-31	-62	29	14	73	-9	1	66	-78	4	-95	-84	-82	11	0	2	-67	-33	67	-65	-77	-74	-48	-1	-94	78	-68	76	42	12	-9	-78	-82	76	59	-41	20	-67	-12	-98	-26	48	-91	98	-67	-80	28	-57	71	-11	-27	71	-23	19	58	94	-94	84	-70	74	96	-65	-66	86	8	71	-53	-86	32	64	-22	-80	-4	-57	-50	-63	-39	74	-3	46	61	
-50	-60	-42	-93	35	68	-36	83	98	77	-83	94	25	21	-12	-89	48	50	45	1	-10	0	-94	92	21	10	-90	66	-5	39	-22	31	33	-66	28	11	-41	-89	0	33	7	30	0	16	89	75	-39	-86	-92	-3	-76	63	30	-53	-90	4	-82	-98	87	-39	-74	-92	-25	86	87	41	56	-80	-62	-69	24	-54	-63	40	-19	-79	98	60	-54	92	-40	-4	-91	86	22	61	32	-5	-20	99	-82	-85	54	-4	-44	-1	82	32	-41	-30	-26	-63	-59	58	18	-19	-40	-81	2	-54	85	-82	-12	45	-36	-69	-72	25	53	63	-45	72	90	-31	42	90	-92	-99	
