7
21	-48	-72	-63	96	-18	-13	-17	-6	10	33	29	28	-99	64	35	78	77	-59	91	-55	-87	18	-37	93	23	78	-52	78	-85	-82	-80	8	63	54	75	-17	82	19	16	66	-92	-96	3	-47	69	12	-41	11	40	12	78	-29	20	-79	14	-28	-46	2	51	41	30	74	26	-28	-54	33	-73	-45	63	30	-74	-35	35	-73	-38	-63	-20	-92	-27	-16	13	-19	-11	32	41	-4	-73	-40	-81	-99	-80	-92	-4	-50	-9	-18	15	60	1	6	-8	63	54	-94	69	-56	-59	-54	85	-96	-71	68	-3	-18	-25	51	-38	19	70	29	10	93	-37	-33	53	-68	-47	
-15	21	-59	-13	-84	77	45	-20	-90	-63	-3	84	75	70	-17	84	72	22	-55	46	88	98	-74	-11	-52	-52	-74	45	29	97	37	-84	-90	45	42	-89	66	-67	-10	-57	52	70	50	80	35	-78	-10	-86	-69	50	27	-46	78	-86	44	-3	5	27	-93	-86	37	-4	79	0	-27	-64	-41	0	27	60	82	72	41	-98	11	14	-54	49	61	-86	-4	47	64	69	-38	67	45	-64	42	-72	0	-7	-57	-39	61	63	-79	63	-61	-87	-14	-77	97	50	4	-49	-61	-62	-16	-41	-79	95	-66	54	95	31	-99	-73	-50	-92	51	-63	50	-35	-79	96	-32	-22	
-2	77	22	59	-69	74	-12	30	59	32	22	-80	-47	65	20	81	-67	24	71	15	72	-64	-7	-52	-91	-32	-55	-68	40	85	-24	40	-80	-33	0	-97	89	-8	-60	66	-48	65	10	57	-70	-68	-64	38	24	-49	-19	0	11	56	-73	-75	-21	77	78	-38	-33	-95	66	43	-4	19	-90	35	33	-73	-65	-84	-92	-22	-1	-23	-71	84	51	32	-71	34	76	15	-12	71	-40	-68	-70	7	-54	9	-48	15	73	10	-51	10	65	40	-17	58	-68	-94	20	61	-83	52	16	-86	-19	-39	40	50	-79	-86	-54	-58	-23	12	5	-22	96	-23	46	6	5	88	
-51	-54	-32	78	-36	61	-40	55	99	37	-56	64	-21	-20	-20	27	98	53	73	-18	20	-69	-5	62	6	-56	-12	17	-43	16	46	86	25	-28	-74	-60	-29	59	58	-44	-72	-31	-25	-74	-38	87	33	-34	-16	-61	12	37	-3	-80	-69	30	81	-82	-14	-78	98	41	90	-94	93	96	76	-51	81	-94	-60	48	-42	-51	38	-12	-46	-19	33	94	-68	36	28	77	71	16	-51	76	94	-1	-8	-20	72	42	-57	36	82	-22	60	24	-74	-18	-4	-71	73	86	-39	39	49	-20	21	-84	-30	-66	-10	-78	-30	-14	-43	-88	-63	-2	32	-17	75	-40	-94	-52	
83	19	61	-81	-45	-30	86	9	45	-3	-56	64	-9	-32	-81	-32	55	61	-52	-13	42	-90	66	-29	-14	94	-56	-58	-62	22	-27	-59	-10	-3	-15	12	12	-38	54	42	-56	-96	-94	30	-97	-4	-59	10	-88	83	-82	-65	51	25	74	-78	-56	-95	29	-11	-30	2	-36	-10	30	32	41	-11	-52	-50	-56	-61	-3	-66	-33	62	-98	-4	-80	10	-12	28	39	46	-28	-74	76	0	-95	-15	96	-96	-45	-80	71	93	33	36	-12	-20	-30	28	-33	-38	-95	61	35	86	-13	-11	-9	67	-77	20	-38	34	-87	-80	-91	-49	-76	-29	23	-45	-86	21	-64	90	
-96	34	-3	-60	-83	-10	10	64	25	-51	-13	85	-8	-46	50	17	51	-86	-24	48	38	-37	22	-87	-98	96	38	-62	91	-70	2	41	91	12	-25	78	19	-15	68	-42	-93	-30	-24	30	57	9	-88	13	81	-50	-37	73	95	3	92	34	-87	21	-60	-27	-53	77	-91	-25	71	83	-56	70	45	19	70	79	-69	21	-52	51	88	51	-75	4	55	56	-95	67	-51	34	39	-82	14	-41	3	-76	26	75	7	-48	-18	-78	34	59	31	-10	7	82	0	-91	68	0	98	48	-59	72	-5	95	-47	-29	0	0	-36	32	57	-45	95	72	-24	3	69	-13	
-29	-65	-15	54	-38	-74	-88	15	-81	-23	-9	-26	68	17	-8	15	43	-13	79	25	25	96	57	-10	-28	19	34	-23	78	-44	75	-75	-92	-28	11	-93	4	1	57	52	49	74	-20	-90	-43	-88	97	-41	55	-66	75	54	1	-93	18	-95	20	-7	19	-90	-35	85	-45	-27	47	-18	-52	6	79	67	-96	-69	84	8	-78	-70	80	99	-33	-77	71	7	19	-81	-64	-47	63	28	-98	-54	-38	-42	31	-43	-19	-1	-67	-66	25	36	99	-1	4	-13	-69	31	44	-25	-67	-44	92	29	57	-49	98	23	-68	12	57	-79	-45	-85	-36	18	-34	-41	-12	89	
-69	4	23	-17	4	21	-58	-92	11	46	-92	-2	82	-5	-18	16	-85	-59	-47	56	9	69	78	23	90	-40	-89	-61	-89	18	-16	99	-54	-14	-86	9	0	-62	-91	-23	59	68	57	-73	99	-54	26	-69	63	38	-58	-44	-30	-92	48	-8	-78	61	-10	33	25	77	44	88	-86	-8	-78	58	-63	83	65	23	-19	82	-70	-91	-55	-51	71	-59	-18	-54	72	57	-15	51	-31	28	59	32	79	-77	96	38	-72	-25	-70	-91	-97	-82	89	-45	-7	-75	-37	0	83	54	10	99	-47	29	-56	11	21	-18	78	-34	-37	-56	-22	94	86	-37	-46	35	12	62	
85	-26	-71	20	8	39	-69	24	-4	-48	19	91	-25	-62	-91	11	50	39	-82	-74	-67	-39	62	-27	34	9	-65	-23	30	-80	62	-3	-29	37	54	5	-77	9	-60	-6	16	99	-19	23	-12	-23	-95	-90	73	39	-90	-53	-89	7	51	95	-32	0	21	5	-79	11	59	-51	28	-15	-87	-38	-31	-77	-15	-53	71	-3	-80	-29	-89	-87	-41	36	81	43	-20	97	32	37	-51	-47	95	18	11	-87	-87	-52	-65	-53	92	-19	31	67	-96	14	-46	22	-17	-68	-40	33	82	12	78	-98	62	86	38	-60	9	86	-89	0	0	-86	28	72	-57	62	-1	-57	
82	-61	-48	7	97	-16	-53	44	-36	98	-2	80	-58	46	55	75	50	-9	-59	-59	61	-94	-43	72	-20	-48	-96	-33	23	-13	86	-19	-26	86	97	-45	72	29	81	47	75	24	28	77	-41	33	-31	16	-80	46	52	-92	34	92	74	17	38	-72	2	69	-91	23	54	84	93	68	-26	22	-33	28	57	8	-90	62	81	40	86	0	-54	-31	-19	-97	12	-59	37	-53	-37	42	-94	-24	39	5	80	18	41	87	-1	-11	-8	60	61	-92	-79	-30	-42	6	23	-7	68	43	-78	-74	66	-46	-59	72	-23	71	2	-81	60	77	-2	-39	-13	-83	-64	72	
-47	57	76	80	45	6	57	95	78	0	-57	2	-26	15	96	22	9	2	-61	-88	86	58	86	12	-78	-49	-56	11	-90	-74	-17	-33	-79	-15	22	-51	2	55	66	10	80	-33	-63	71	74	91	93	21	-65	65	-43	-48	29	-39	71	93	-12	-91	74	-81	60	-43	-2	31	-52	6	-17	-93	-62	94	85	-88	17	26	46	43	-84	-65	-54	-57	-44	54	22	-60	-84	69	98	71	41	11	-9	98	45	32	59	-58	-5	-69	63	16	-88	-21	-47	-5	-94	80	-75	-96	-42	23	22	9	97	11	-60	-60	14	38	-26	-54	-64	75	64	-11	4	-12	20	-57	
52	83	49	17	-29	76	-4	-79	-16	8	77	39	58	11	77	1	-42	46	-79	-6	-72	-15	-17	96	0	-66	-28	-63	9	-69	0	-68	-58	-85	30	-50	-29	-34	64	32	-87	47	-56	-58	89	4	-2	-35	-91	2	67	80	-23	43	45	4	78	-52	-14	52	90	-97	-33	-56	57	-50	-16	21	44	-26	96	-27	82	-9	94	-52	22	-80	-33	-84	-99	67	-64	54	57	-3	-64	-28	61	47	3	91	4	85	-64	80	56	31	39	34	70	-55	19	-85	-25	-40	87	57	7	80	-65	86	11	94	-55	52	69	-64	42	21	37	-99	44	67	52	74	64	90	
82	30	-17	67	41	-75	-84	3	9	-97	-12	-9	-67	33	49	59	12	-73	-24	17	-23	1	93	-80	60	-12	-97	-40	10	48	48	94	48	-43	-59	-90	56	93	0	-8	-54	36	-94	-20	-53	-67	-79	67	-33	4	-22	-27	41	-32	-46	54	12	56	-71	15	96	31	-49	-7	8	-27	61	-12	-28	-44	88	27	-46	12	12	94	14	88	75	50	62	65	-84	-26	-74	39	-25	16	-2	41	7	-28	-65	-89	68	-76	69	6	-71	-70	6	-13	27	-55	-9	-49	36	42	-97	93	23	-48	-63	-50	-38	-36	33	-28	-30	94	84	-60	-72	-73	86	-87	88	6	
-89	90	-80	76	-76	-26	-92	50	-68	-49	64	14	-42	-65	89	34	-32	-10	-2	-30	-43	89	80	-16	-1	41	41	20	9	13	9	34	-75	-57	83	-8	95	-17	-40	76	0	11	77	-76	21	-89	41	-75	-20	46	72	85	-56	47	-36	-90	45	-81	37	-61	-99	-40	74	-60	99	1	-66	-91	-88	71	-66	-65	15	-86	56	14	-50	-51	-73	70	23	96	57	63	30	-74	-49	-12	39	21	98	-55	-42	24	-70	40	17	-34	-80	-24	-85	-11	90	50	26	29	-59	77	-94	68	48	-10	2	-44	-47	-97	-19	18	-87	-91	-92	91	-56	-4	-70	67	-85	41	
79	-22	6	62	-83	-86	52	-84	1	47	96	-12	28	89	-61	-53	68	-70	-98	3	16	3	-71	-65	67	82	-68	-82	25	10	58	-83	-90	-4	38	73	-48	76	68	-92	-6	51	72	71	61	88	-48	-97	78	-82	8	-75	36	-28	-45	92	-50	-26	-33	-71	-35	-65	-84	-78	63	34	-68	-84	-13	-9	88	-62	-1	12	90	-29	95	14	-9	45	-5	0	-42	78	48	-18	-45	-26	-20	81	22	41	58	1	-51	44	30	-31	29	-84	-1	-66	82	-44	-83	17	-89	27	-17	18	78	26	60	37	70	19	-75	69	-83	-64	92	76	44	84	-83	30	-17	26	
-65	-19	-37	59	28	74	-47	82	-24	-24	-13	-29	-62	-61	-20	-9	-56	74	71	10	66	15	27	4	-7	-71	88	68	65	35	-73	23	77	-27	35	51	-26	-15	67	-9	0	-98	-38	91	-52	40	-23	-7	-65	0	23	-2	70	8	40	-16	-54	-33	-85	47	-55	-62	56	82	-3	22	-37	81	97	49	58	82	31	-57	95	-53	-45	32	-37	22	0	-72	24	49	-42	-11	15	17	12	15	32	10	-89	-78	-61	71	49	3	96	-47	-55	43	-55	22	87	78	-10	48	-35	-30	31	-13	45	57	-74	32	66	52	-39	40	64	-98	11	-78	-77	-46	-9	-92	
-29	48	-58	32	59	-98	59	77	-62	50	-27	-20	-88	65	78	56	-59	-10	88	95	80	49	36	-67	59	-72	-49	42	62	38	-17	0	50	-98	58	-89	91	33	-22	26	-21	-67	94	-11	-69	-49	-44	14	65	37	10	65	-70	-81	51	-73	-9	47	-53	-11	60	8	63	-52	88	-3	-20	-52	18	34	92	94	51	56	51	-27	-80	69	63	75	-14	53	50	77	-90	-38	-71	35	25	80	11	93	-47	-39	-39	65	97	40	-76	68	34	1	91	32	-32	98	24	39	-57	-86	96	1	-70	45	16	-66	20	-59	-8	85	8	-88	78	56	-9	-83	-93	-3	
-30	-15	62	-48	-48	50	52	-2	-70	-45	22	35	-95	-41	7	56	45	36	-4	94	-44	-62	-32	-9	-6	-55	-59	-12	13	-46	98	-57	26	55	30	-36	-46	-23	-66	-84	90	5	82	55	22	15	-56	69	-70	-18	-74	-74	56	-2	-81	50	78	-72	72	7	-29	68	98	-20	-61	20	44	-11	96	-78	4	-53	-84	46	53	-4	-27	20	-13	-98	-31	66	17	-32	-43	44	91	-81	75	37	32	11	17	-36	-76	8	-57	-86	-52	40	-33	-94	86	52	54	-90	-82	97	37	33	-24	72	68	-55	-81	-19	84	-91	92	-32	-33	36	28	-67	-71	31	-94	76	
67	-35	83	-15	-20	38	-49	-11	-97	2	33	-43	73	-51	83	-35	-15	-98	77	-66	71	15	-79	-59	26	-6	34	-68	-76	28	51	-9	-85	65	25	65	-40	-22	58	0	-95	49	8	-89	41	48	32	-11	-21	85	-12	-48	-34	-76	3	-29	-87	80	0	84	-39	38	-93	45	-30	-14	-84	-99	84	63	-4	-38	-75	91	39	-20	59	54	65	20	-82	-42	48	-37	-68	71	44	69	-31	98	88	53	82	4	-59	46	-62	-11	-81	-94	0	27	-31	68	60	-86	38	0	-99	-71	85	51	-58	10	-63	41	-74	-64	68	21	0	-81	50	62	90	59	-50	-22	
-25	0	89	55	-66	-21	-5	15	53	-47	30	-53	42	-47	-75	-53	54	92	-98	-63	-20	51	-31	-82	67	-88	-38	-70	-59	-76	40	-87	86	94	31	1	-93	-28	-75	-61	91	92	95	-13	-85	41	-23	-23	11	47	-26	-46	57	-48	37	26	63	-62	-34	13	-70	48	34	55	-41	40	55	-91	-62	96	-53	-32	93	75	-23	50	-46	-90	-22	29	0	82	-57	71	66	22	42	88	2	67	7	22	-68	-85	-62	5	36	22	-13	16	65	3	46	-47	-10	25	35	22	63	-97	-73	-41	42	7	-61	91	-15	38	89	9	-51	68	-85	-94	-1	-78	98	-88	
-87	-52	20	27	-89	-96	3	81	95	-46	-43	-32	36	70	82	79	55	70	26	62	-67	97	-67	-78	-79	-94	-68	18	41	-44	0	45	7	82	-69	-1	-6	59	29	-39	65	-35	63	43	94	-81	-14	1	46	59	-83	55	10	66	4	-52	90	-8	92	11	-42	-85	70	-82	26	-87	53	51	-58	-7	23	-88	-50	-72	51	33	27	54	-10	-18	29	-98	0	-1	-20	77	71	61	14	64	16	63	20	-93	5	-19	20	68	71	31	-30	87	-26	-75	82	-9	-40	46	41	-43	-54	-32	-36	47	74	-99	-91	9	-86	-13	75	-23	99	81	-60	-91	-43	92	
-28	-86	75	-10	-27	-40	56	-86	28	-52	30	-73	-61	-8	40	83	-45	-75	-11	90	-10	-5	84	-2	-53	44	91	26	-34	-9	87	-99	67	-56	65	69	-29	45	-66	30	-6	-54	-96	-7	-67	-8	-13	-91	35	-63	-98	-27	-7	45	72	96	-54	-33	-31	-32	-56	-4	0	54	47	87	-50	73	39	34	-98	-94	80	2	-19	-13	-27	50	-17	-15	-22	-10	21	-81	6	75	-97	9	-1	93	-50	1	80	-5	-55	14	-74	53	-64	-7	1	-79	9	-80	5	83	-83	-85	-87	66	-62	-76	-9	36	16	-47	82	20	-68	54	25	32	26	77	59	60	75	-62	
-19	9	97	-5	-36	-71	26	-33	67	65	-83	-10	85	-68	-12	97	-32	18	-67	9	2	-11	-10	32	10	74	91	-39	12	-41	-41	7	48	-55	-1	71	49	-84	-79	93	-18	38	-9	90	37	97	-73	4	33	41	28	42	0	41	99	73	7	-78	-41	89	-99	-62	-94	46	78	-66	4	-35	39	-88	68	55	-76	-43	-54	-1	70	-78	-33	43	-16	-21	71	-29	38	-1	-30	-33	-94	76	12	-55	44	-98	14	-93	51	-54	24	-85	0	-72	46	89	85	90	95	31	82	-21	70	-78	30	-48	68	20	-23	-3	-1	-63	10	35	-2	0	-95	33	37	91	
-48	25	77	42	41	-23	-42	-80	91	13	33	-81	-35	-45	82	-43	-81	-3	69	-59	-43	56	-20	89	-55	-60	-67	68	-12	-27	7	-77	-95	98	-78	27	-44	58	24	-32	53	-72	87	75	11	-46	78	58	-7	90	-66	58	-6	-28	-67	-66	5	-93	-84	96	-75	65	69	-31	79	-14	-43	9	45	-84	-49	85	-93	51	50	-24	41	-31	-64	-39	84	42	81	-29	92	39	-67	0	-6	-38	99	34	-4	51	-28	-65	47	92	62	-55	-38	47	-74	-18	0	41	24	-44	-41	-1	-90	-86	-25	19	-3	93	25	51	93	32	30	-96	0	-87	-89	16	-7	-69	
-33	-24	67	-30	62	91	54	0	0	43	-42	47	71	-62	-17	-62	-72	39	8	-83	54	-78	-2	45	79	56	71	-4	18	72	51	38	25	67	-50	-56	-77	-64	-64	-35	51	-69	-98	-17	93	-55	28	-23	-74	-39	45	-80	81	-54	59	-94	84	-36	41	-54	-47	82	-7	-33	48	10	20	-68	-40	52	-16	-61	13	39	55	-41	-55	81	34	-1	40	-28	-54	-66	-22	-45	-68	-43	-56	41	-27	65	-10	-2	13	79	66	66	-7	19	3	24	23	5	-1	-94	81	15	10	36	72	29	26	64	79	-18	0	-6	61	-59	-58	47	-17	82	-32	-55	-37	99	
31	0	99	97	13	27	14	-93	-93	-15	-55	42	20	-95	33	-25	-10	78	49	-13	-30	93	79	-73	27	-87	91	21	78	73	64	-79	29	-36	85	96	-41	64	-77	-45	-79	-39	-13	85	29	54	10	72	-43	-21	61	-47	-7	-75	2	41	-57	55	-92	-66	99	71	58	0	3	-33	91	-71	-45	87	-23	32	12	-56	-27	82	-95	-40	97	7	66	21	-22	60	91	-66	-27	99	37	-99	-78	95	-36	79	29	90	-80	-57	4	21	16	14	89	-86	69	42	-19	24	-74	93	95	2	95	-29	-28	-99	93	-91	79	-60	-67	-51	92	-94	83	-25	-70	-5	
-91	-18	88	68	-35	-67	41	-66	34	-47	44	-49	-80	-58	-6	-68	-50	22	-8	24	-54	-9	23	56	44	-40	48	-68	15	-31	91	72	-38	-84	36	41	-5	-39	77	90	-3	61	-71	-32	9	-60	-14	-45	-30	50	91	-10	93	-76	-48	43	0	7	87	-10	-54	0	7	73	75	-56	-67	-14	19	-83	-13	-71	-83	-85	69	70	-18	92	16	14	92	62	-89	24	23	29	-85	51	-31	-43	-84	-76	-88	-31	37	0	-16	-41	42	-67	-72	3	-48	82	-94	-84	-44	-36	32	89	13	98	3	87	-4	-63	-50	90	-76	34	-50	-5	-30	-79	-9	-83	-9	-4	
73	-13	46	-10	-47	-51	-25	99	-4	22	46	-53	21	-30	-71	-98	26	-78	40	-24	-41	-16	62	-46	-23	-57	21	-78	0	76	-47	19	-89	-49	39	-22	-1	51	57	-34	17	-2	-54	-84	-93	-77	38	17	-99	-9	91	74	21	-8	-26	11	86	-33	98	47	-81	83	-77	-51	-18	18	96	54	22	48	5	44	-24	-36	99	65	-63	56	52	-21	-72	-84	-37	37	1	60	48	54	-87	-47	77	71	-17	-86	87	44	-51	-79	67	0	-54	31	-69	-28	28	-47	-44	-51	98	-36	-48	-49	61	-40	-98	0	-57	-7	70	-87	-15	8	56	73	0	93	-42	53	
23	83	38	26	19	25	-69	-40	-2	95	60	-14	30	-13	-53	27	-64	-2	-98	1	-62	59	43	19	-99	56	-87	-24	81	94	-56	-16	-84	-74	47	4	5	-96	14	98	-85	25	25	-43	38	-45	11	-18	-32	82	-71	92	-1	29	7	-81	-82	17	-7	69	2	44	-28	-61	-7	-91	82	-59	75	-51	-68	-79	-42	13	61	47	50	-28	-53	-91	-38	-95	-70	8	-95	-84	96	18	-63	-88	67	39	-78	-47	-10	-48	25	72	50	44	-93	13	-43	80	68	83	8	56	95	23	46	57	15	18	-62	62	-43	-49	12	-45	54	19	56	2	82	-8	48	51	
46	32	84	68	75	65	51	19	-44	-20	-13	3	51	-28	80	-67	-1	39	-99	-16	29	-13	-96	-38	-22	44	85	-34	-14	-92	-42	25	-64	84	-24	-41	-85	-86	-38	-26	39	-47	22	64	96	-83	-69	85	25	0	73	-7	-47	92	74	45	-94	-89	-77	5	63	-63	-1	-69	21	-32	62	5	89	-94	68	-29	87	-31	-77	-90	29	76	6	61	66	-74	37	-37	28	42	-74	11	-95	-77	83	-64	-73	95	85	58	-54	31	-63	-70	-51	41	-88	38	99	-55	83	-94	-59	-87	51	99	-78	1	50	85	-87	-30	-83	-59	36	16	-86	-27	-4	94	-59	65	
-28	83	-89	-32	51	-4	-83	20	-83	90	98	19	-83	62	12	-84	45	-71	-92	63	71	-29	83	-26	-37	88	86	94	25	64	88	-82	20	-72	61	-7	-55	-91	89	-9	33	66	-56	-41	69	-71	58	44	-59	-95	56	57	-43	53	-17	-63	59	-74	94	50	72	25	27	-66	38	-10	68	-57	-67	-49	-25	-39	46	-4	-28	-7	80	35	54	-97	15	90	79	-99	-10	35	-17	23	-87	7	-86	-19	99	-77	-60	98	86	63	-88	-15	-67	-37	24	99	-45	30	-72	-2	9	26	-10	-49	-17	-65	-30	8	-83	81	-11	-23	38	39	55	-83	25	86	37	35	
-3	13	32	83	-19	-75	-97	90	-3	98	75	-75	94	-91	0	39	-78	89	-25	78	40	79	-55	77	4	70	61	36	59	91	-6	-67	-34	-47	-32	-9	-83	62	62	-2	-66	50	-69	-35	-65	92	57	8	67	7	-33	23	9	60	-24	42	-86	70	82	88	-32	23	91	-36	-38	-61	-64	93	22	-97	67	41	-83	12	-69	16	84	94	70	37	-27	85	-87	17	-31	-7	5	-7	13	-57	24	-36	-13	88	13	-96	76	36	59	-24	19	-44	84	16	23	84	-46	59	54	-95	25	64	-77	-68	-5	-31	27	0	-79	-13	89	-53	-21	-47	-12	0	-90	90	
-17	-55	-2	47	14	41	16	99	-56	-45	68	-10	-39	17	26	96	-17	18	38	-49	-68	-1	-49	-42	56	88	-32	-57	8	-1	-34	-82	-2	-23	-21	97	-67	-26	-3	74	-59	-88	-60	-16	73	59	19	63	45	-14	63	-7	13	-99	5	80	-40	-57	66	73	-94	-99	-77	-87	53	92	16	-51	-37	-50	-28	-7	-51	20	93	-9	-29	-54	74	-32	-95	1	-28	45	-7	59	30	7	87	3	-25	-21	24	-65	20	82	26	-31	-88	71	-76	34	53	92	20	74	59	56	74	-86	-70	-62	52	-2	73	-87	8	9	14	-6	-97	-84	-27	44	-61	96	-98	-80	
-55	-94	60	-30	54	-33	-41	-55	72	-98	-31	-1	24	27	11	-29	-94	-99	57	-26	69	-84	51	0	-30	76	45	57	31	-96	-96	-61	-50	96	-89	-75	-86	20	-51	-65	23	-47	71	-89	-42	-96	64	-81	69	25	4	-21	-13	-79	18	50	-38	13	55	63	-93	87	-69	75	-98	-2	5	-96	69	-35	72	81	87	-24	-2	91	52	56	51	64	-83	55	94	59	-79	3	84	66	84	-66	83	85	40	-60	24	93	95	0	-52	5	-58	-87	97	18	-48	23	-93	-70	53	78	60	89	72	45	-53	-8	10	-10	-53	93	64	-89	29	96	-94	-12	97	-62	
43	-47	61	64	7	-83	55	-65	-98	82	-18	-10	4	71	76	23	-44	72	-82	80	-63	1	-97	43	25	74	55	59	-12	-12	-67	64	-62	-68	24	-37	-17	-11	-61	-61	83	-81	-76	-49	75	-81	53	-6	-81	64	-79	-97	-44	62	66	43	-63	87	-69	-32	2	90	-58	23	-75	-48	-94	-3	58	96	41	-26	-16	47	54	-33	92	-16	72	45	-31	53	-44	-16	-22	79	-3	71	-24	-8	50	-87	69	49	-46	-40	92	-55	50	-43	-35	39	-32	-10	32	-35	-64	29	-29	26	-24	5	60	-57	-32	-34	27	59	87	16	44	54	29	-46	65	37	91	58	
-56	-65	20	60	76	59	93	35	82	98	24	73	-70	30	5	17	-61	2	-34	-29	-34	26	67	68	2	-60	16	-19	95	99	-94	14	-51	37	-31	99	58	96	-90	-74	-83	22	71	-37	95	19	-57	-97	-2	45	4	-50	-74	39	63	-9	-3	-46	77	-92	-24	-66	50	-90	-49	38	-85	15	-87	-76	-71	0	-70	0	-34	-24	-60	-40	53	-15	71	-55	-93	-67	-80	86	82	-29	85	51	25	-78	-65	0	1	-72	20	-80	-53	98	96	-36	24	82	46	-29	13	-62	-77	1	30	-3	-57	-16	36	-96	-4	-14	-50	-89	-33	-72	-77	29	-49	34	7	-81	
-73	75	69	93	55	53	-7	54	-13	-91	-65	-97	50	-45	-21	-74	28	8	72	-22	61	-85	22	13	70	77	25	-1	-58	38	-76	78	-62	-54	39	-14	-8	-73	-43	17	43	52	74	-49	3	-16	-51	89	32	52	-76	76	70	-15	39	31	-32	-4	41	42	-92	29	-4	-61	17	-12	-31	-79	-41	-20	83	15	39	25	-24	-30	26	12	33	-71	38	96	75	-75	74	49	-99	-25	-36	-71	70	81	64	32	70	0	-39	-29	24	-83	0	59	-48	-90	39	97	-19	58	-75	85	94	53	-33	51	-39	-59	66	43	7	-51	-99	-56	-30	5	-57	50	79	40	
38	74	-26	-69	57	-11	98	11	15	-19	37	-3	-19	49	9	64	-81	29	-24	3	15	-98	30	67	32	43	16	64	53	-86	-55	-66	89	95	-97	99	65	83	-58	-41	-41	59	83	-45	93	-51	34	36	64	40	33	78	88	-46	64	88	-24	15	-27	-96	95	20	-16	-56	43	45	-88	28	-37	75	-66	-11	-16	1	90	16	-96	-19	97	-44	-24	17	66	90	76	-9	-33	84	98	-45	35	29	-49	-44	-76	-87	-30	-65	6	0	25	-76	-81	60	49	-23	-18	16	-5	18	52	85	13	79	10	5	92	98	-45	56	67	79	36	56	-59	-74	83	47	
-62	20	-58	-64	-11	76	-24	4	16	-80	83	-93	15	58	78	48	-32	-70	-50	-44	-1	71	57	21	62	25	-42	-92	-89	9	8	-12	-29	-34	-21	-94	51	-3	-44	-33	-30	-4	-80	82	98	-88	0	-98	-39	-14	-63	-86	-77	74	66	-79	17	73	31	-18	-99	36	63	33	71	-15	-7	0	-44	-57	33	-63	-20	-99	43	-34	-28	94	9	46	-75	-67	-16	-19	-94	-74	13	-30	-25	90	-99	63	46	-19	37	-89	-79	98	28	7	-46	3	71	97	15	18	63	-42	39	-18	31	-92	-19	-58	60	-23	-99	17	63	72	-54	-46	-23	-80	-6	42	-9	-99	
77	28	23	-43	-81	49	79	-28	-63	4	-18	-1	-34	13	30	75	-70	44	7	20	4	38	-43	-69	44	-97	61	39	-95	42	-17	-37	74	85	73	22	-27	-12	-30	-80	-59	41	-29	-20	36	-53	-33	94	24	40	37	-78	-27	-90	-76	-84	0	61	57	-57	96	0	-5	88	25	-82	-44	82	-55	81	-95	71	-43	29	-18	-47	53	48	-93	-92	69	37	87	-89	-44	26	88	-38	34	-85	-58	70	-31	-22	59	-46	90	94	3	20	-53	-38	-95	26	96	-85	-95	-65	-26	2	-55	14	-32	74	-43	-34	-44	-42	0	-73	31	-2	-67	4	-8	31	55	60	
-57	-74	-33	48	84	-69	11	33	54	21	-55	66	84	78	-94	78	-77	-3	-64	-87	47	-33	-52	-5	53	79	57	24	95	33	45	-45	-16	-32	-4	29	-81	66	32	43	-2	46	19	-53	-26	56	97	46	-1	-98	2	13	93	72	55	62	89	21	-32	-75	12	33	84	-27	62	-48	4	52	-45	-74	-92	9	-49	94	-56	-95	53	-30	60	-80	-34	-91	41	-35	19	38	-49	45	82	36	-61	59	13	57	50	0	17	-22	34	49	70	-17	-39	-75	53	65	-43	-82	18	-34	-80	5	25	59	-37	16	48	83	-47	61	-22	68	-55	74	-93	93	-94	22	
78	34	-42	-26	-88	81	20	-88	-21	-60	-10	53	46	-80	-97	63	88	-94	99	24	35	75	48	-50	-72	-2	-48	-90	-55	-34	25	32	-46	95	99	-33	-24	94	-23	99	6	-82	-57	-48	-94	17	83	84	27	74	50	65	19	4	3	42	-56	-15	0	78	1	-18	96	-13	-86	55	-51	68	-32	66	-75	49	-37	97	-32	36	75	-18	62	-52	75	89	79	50	-81	-99	-28	40	64	-55	69	82	-50	-21	87	65	-32	42	-64	23	-60	-54	-22	-6	87	35	56	54	21	-23	0	-23	95	43	-57	8	-92	-58	-60	-1	-77	57	57	-44	-38	-38	-56	70	
27	62	36	-6	-85	-43	-80	46	84	95	14	-71	7	-42	-23	67	-81	40	-5	-46	15	40	-37	57	-41	66	95	11	50	-71	-69	29	24	68	-19	-24	-55	-82	3	-17	47	-4	24	49	-21	-53	-15	93	-55	-21	28	-9	61	-80	-34	13	85	-75	84	37	-49	0	76	56	7	-5	-26	24	-9	56	58	-76	-86	-6	29	-80	-37	95	77	44	80	-73	68	97	57	-73	22	-60	-1	-35	61	-61	-99	-63	59	13	-60	-97	-87	58	0	-13	80	-87	-91	-16	89	-54	37	-68	-28	-87	-20	-21	83	57	-10	-9	-95	-76	70	94	-74	-51	-21	60	-54	-89	
-84	34	41	54	-65	-46	-12	50	-19	-46	-96	10	-70	-18	-70	50	22	-26	80	-19	97	58	40	44	57	-57	41	75	-90	-39	58	-19	-78	96	-79	-57	33	37	-76	-37	-25	-92	14	-29	-65	16	-9	-56	-86	99	-72	-45	-23	-83	-16	38	-67	59	-1	85	60	-94	-89	10	7	92	17	-37	72	-44	-93	-82	64	-93	-34	-89	32	16	-86	1	87	-24	-83	49	87	-47	28	-45	-75	62	69	55	-87	74	50	-18	-21	-46	60	63	-93	32	44	65	-67	-80	31	-89	-59	-95	43	0	-12	-72	98	72	-50	-12	85	-65	57	93	-32	-63	2	-54	-76	-14	
4	-13	26	-45	93	-74	87	-86	88	89	18	-17	64	-18	77	33	-24	-40	83	-83	95	-10	-49	30	-80	-10	73	70	50	81	-26	-13	60	4	90	75	45	-19	-34	-83	-22	16	-73	-36	79	3	-32	-7	-73	-92	51	-1	5	94	-23	57	24	44	-63	73	49	48	-45	78	-72	35	-89	-24	-61	-85	-48	-33	19	22	9	26	-24	-92	-86	-93	-44	-34	-68	-80	-28	66	-64	-1	29	19	75	50	-75	-73	-69	72	-98	99	-16	49	2	-74	67	2	55	-40	-70	-81	88	60	-73	-23	-91	91	-58	-52	-7	79	6	28	-7	91	-62	-27	27	12	72	25	
-61	-70	8	84	53	94	-49	-20	42	-85	36	59	52	-68	6	39	-61	91	-37	-37	91	-2	-6	-48	-38	-5	-99	41	-35	28	55	64	-29	-90	36	61	63	72	-89	69	-54	5	42	57	9	-74	4	-85	-99	56	55	-66	-84	-39	11	5	39	-23	-10	63	-17	35	81	-11	-1	-19	37	-27	-76	0	31	4	68	-5	-11	-49	10	54	10	75	-85	19	-32	-49	69	-99	6	23	-35	-5	53	27	92	-59	-98	-17	-81	11	-87	-25	-13	60	-79	-98	-68	61	-11	89	-21	9	-34	7	-14	84	30	61	-85	67	10	-83	-21	-52	36	87	-41	81	-74	47	
59	42	-93	-37	-30	-99	69	22	-31	-75	19	-29	-11	-40	51	-27	18	51	-77	94	44	-51	-28	-9	0	-80	99	32	-20	1	-11	-33	-1	93	77	90	-81	39	-68	-21	85	-40	63	47	-97	58	28	-91	-79	-13	24	82	97	18	-74	86	-93	-95	51	43	43	-58	96	-6	85	84	-26	-70	92	-89	81	-29	-54	35	-19	54	-84	-39	65	8	20	-16	15	70	-28	77	-39	87	-31	-51	5	17	-22	21	-5	94	27	-72	-50	-54	58	-39	-38	43	-1	-23	4	-99	-1	69	-54	84	-27	28	-55	59	-65	63	76	76	-5	87	-97	-39	59	57	-25	-47	
2	85	-9	-23	-94	-30	-45	0	62	64	-74	58	17	-98	9	-50	24	21	-31	12	-31	-95	4	83	-87	78	-56	46	-56	19	42	-81	56	4	-99	-12	62	-11	-59	-85	-46	-7	4	-27	-1	78	67	14	-14	-62	-86	-96	86	14	-6	-43	-16	-7	-7	-33	33	-4	-74	28	-88	-7	17	74	-15	52	92	-25	-49	-33	-19	-16	-81	56	-42	-48	27	-8	-11	-51	27	99	-2	84	9	-59	87	-32	0	-27	-25	-77	35	-48	24	76	6	-74	-52	11	-27	-93	97	34	-65	-96	42	94	-62	-76	-93	89	-80	-59	-74	-49	-44	-16	19	-43	65	27	16	88	
-16	17	21	13	-23	37	-47	51	-28	85	71	-83	-72	47	36	-20	52	65	-48	26	55	-73	-53	45	44	32	12	-7	-82	-25	42	-74	87	71	22	11	-16	79	-60	54	-7	76	-53	8	90	-5	35	-82	23	9	-54	-22	8	91	77	30	-83	8	-90	24	-6	17	-13	-63	-5	-81	49	34	-8	-30	-75	75	67	48	-4	-42	-6	-3	-64	8	-42	85	-97	-1	50	96	44	36	-58	-72	61	76	31	91	-97	-68	-46	35	-74	-53	72	-53	-24	79	26	97	-70	59	-5	96	6	-47	-71	0	23	73	-7	11	-68	14	-93	-86	90	65	-52	-54	31	-15	
88	99	-72	58	50	11	11	-18	-93	20	-54	-83	4	68	91	89	-98	42	-64	-2	73	-37	43	-92	12	-24	3	76	-48	46	28	-22	-27	1	-68	57	69	-77	-2	-53	35	-84	-36	-1	57	28	-34	15	19	4	25	-81	-60	11	-80	29	-45	9	-78	69	9	72	0	56	-9	-58	26	-80	2	-1	59	-2	1	37	22	67	56	-27	79	-79	-48	-74	81	64	-50	-18	-53	-18	-83	85	-67	41	-92	84	55	64	-5	33	-45	-74	-68	62	-16	-27	-40	9	-65	87	22	-32	-38	-37	87	-35	21	32	-54	-62	79	22	-1	-83	-34	27	-45	39	-8	31	
-99	-80	-28	-61	11	-52	64	-13	-11	84	-70	6	24	-51	-26	80	-1	98	28	11	35	33	94	17	-47	-3	18	-85	-59	78	-71	-62	-74	53	-72	94	-83	-58	-79	-83	-30	-48	-48	94	-74	96	-35	21	-71	64	42	-54	-91	-4	40	0	78	-70	-87	37	41	-11	-43	-89	-59	61	17	-79	28	-30	-75	91	35	-83	-30	88	5	-51	-31	-15	-46	44	44	-71	59	-44	88	91	-1	50	-46	58	89	-51	-49	-15	47	11	34	67	88	-31	-99	-4	-48	-87	96	45	54	9	-67	-3	83	-57	-50	-15	88	19	21	-91	-81	64	-75	14	59	-36	-48	93	
-7	53	79	99	-68	58	93	-59	-31	-3	86	87	41	75	-67	-76	-23	-35	51	21	5	8	-80	25	96	-21	-46	31	-35	32	79	-33	91	-56	56	61	60	-12	-41	55	-19	23	-36	57	13	-78	-50	98	-85	83	-35	6	70	39	-61	-53	-22	-97	-31	-33	-48	-92	-28	40	48	6	-72	-82	83	-5	-19	76	-87	-51	-84	-18	0	-83	52	-93	98	-87	64	64	-94	44	-32	6	50	89	45	-19	-69	26	-25	-73	-23	98	81	87	89	40	-55	-93	-55	93	-42	99	67	-85	-49	20	71	-12	38	32	-82	-48	19	-96	28	-27	-5	-33	-8	17	29	-34	
60	-56	-46	25	-13	-19	19	58	-8	69	16	-38	73	-86	-44	54	67	-55	3	-47	-11	-48	85	82	97	10	-6	-94	-55	-34	0	-9	-4	86	49	-24	-3	-43	35	-85	76	2	-48	67	76	-7	-94	-48	-33	-58	-71	-95	-10	-14	15	30	-99	78	80	-54	-99	85	30	44	-72	50	88	-70	-35	-96	40	45	-63	-90	-69	0	58	14	-75	56	-60	-94	-55	-50	53	44	-78	36	-14	85	-22	56	-75	-74	-28	-1	-41	-40	-12	91	89	10	-25	61	-24	27	84	-32	-5	14	-88	73	12	-30	7	42	-8	-68	3	25	-76	-26	-39	-24	16	77	-59	90	
-19	99	93	-76	-46	88	26	-28	70	14	17	-54	82	95	38	16	58	36	-57	57	61	56	-63	89	95	94	-46	-3	-36	-73	35	83	-5	-97	-36	21	52	36	65	0	-33	26	99	12	79	-61	-27	-60	68	98	63	54	48	34	-20	26	-85	-37	85	-71	-38	31	28	1	0	6	-22	-83	3	-88	-4	29	-71	-25	-19	-25	-28	-75	99	9	80	14	28	77	67	59	84	12	59	15	-85	89	0	25	45	-98	50	-33	-62	14	32	-52	-66	-75	-5	-57	-35	7	62	-35	20	-38	50	53	37	94	44	37	-63	89	-55	-63	44	-77	-8	-66	-2	-2	
79	65	-26	86	-59	-34	88	95	69	37	34	-23	-83	26	-98	-38	88	-47	67	-89	9	-1	-46	45	11	32	-2	91	98	-71	98	-26	16	-4	-59	-62	17	-18	-64	83	-99	73	-72	-38	86	-18	70	74	-70	71	24	-50	-1	10	84	92	61	88	34	-7	-88	56	-23	46	60	75	54	79	45	-20	86	-69	-82	-33	37	88	-71	-84	-78	39	-51	-76	91	61	-48	-71	-99	82	-98	2	-61	-13	39	78	32	8	-36	89	91	16	37	-26	-28	-21	28	66	18	73	80	-26	73	48	23	88	92	58	-96	-69	45	7	18	-15	-56	-45	-92	1	11	-26	
-90	53	-23	-64	-48	48	29	67	-80	-36	22	-25	-57	-79	79	7	-72	4	24	19	-7	-18	75	-35	19	-44	5	-8	-99	-83	-45	52	-54	69	-77	-4	-8	-72	-12	92	-31	-25	-58	51	-26	40	-28	-93	0	-13	54	66	44	-51	51	-39	31	23	-3	51	12	-52	35	74	-11	-65	-57	81	-75	-9	27	-60	18	52	61	54	-94	65	-56	16	-28	85	-66	39	-50	19	1	88	-67	-44	-43	54	57	70	-11	84	-20	-29	-88	83	-20	-68	-34	93	-48	33	88	84	-59	-62	45	14	21	8	15	0	94	-9	29	-85	-93	25	-6	31	16	87	92	31	
96	75	30	-99	0	-56	15	-12	12	-42	99	-35	-18	81	-76	-28	3	-36	35	62	47	17	64	-23	71	-94	38	38	-56	-72	-36	-56	-56	26	-31	78	-11	-94	29	-52	35	71	80	-34	-85	-20	7	14	-21	58	-32	-36	-84	-72	-99	-14	75	-12	-99	-96	5	-58	-46	79	16	24	-25	-97	94	-76	-45	32	-28	33	43	-15	-50	-64	50	20	-84	20	9	23	38	49	-90	-8	78	1	-75	73	42	26	-32	-12	-42	30	53	7	-53	78	90	17	-32	94	-86	85	5	-74	-9	58	-22	7	-94	18	-22	94	35	-86	-81	27	0	-96	-27	-48	-60	-92	
47	9	65	88	-76	56	-45	-83	27	45	-79	85	16	47	40	11	42	28	-52	-99	2	96	2	77	-94	-56	-68	85	-75	14	28	-6	-98	30	54	-83	40	-59	-11	71	-63	83	-74	68	-57	69	60	-7	62	-13	70	29	-76	5	77	-45	-9	75	-1	-36	30	-43	-85	1	-92	-19	-11	-25	37	-79	-12	58	57	-8	-81	-20	54	2	17	90	22	24	58	25	84	-13	33	-21	8	-52	-26	-54	-87	71	64	-66	-22	-71	92	-79	-54	77	-67	-82	-28	-70	-59	-86	32	-55	-22	-34	-12	-81	-55	85	-57	0	-12	-4	-21	-98	-50	30	-97	79	-8	-20	
72	29	-65	-40	-32	-51	79	-89	34	-84	-28	67	52	-97	65	85	-70	68	-84	-10	4	12	20	-83	93	43	-34	-98	61	-51	-64	-19	6	-22	-51	-58	-97	39	76	76	94	-94	-81	19	-92	-25	10	-95	36	-10	-53	-96	42	-71	62	43	70	-89	-34	-99	-30	-86	25	-60	-2	54	-90	57	37	-3	80	61	-88	-55	-63	52	34	-38	-72	74	-21	34	-30	96	-25	71	-51	8	35	-66	-73	-43	9	-20	-84	61	74	-68	39	-23	69	-22	-79	-63	98	16	-48	31	45	91	-97	86	0	27	72	4	-98	65	-8	-44	-10	-30	72	-67	65	-99	-15	38	
93	7	68	-10	89	96	-55	8	-4	75	51	-47	-58	31	36	93	-86	46	-63	-25	83	53	17	-8	-51	51	-31	71	-48	66	75	-66	11	-73	-73	30	-76	0	-97	67	-44	56	68	16	34	6	-46	-27	-89	36	3	24	-55	-24	-36	5	62	60	41	52	-64	-88	-86	-72	20	43	32	54	47	43	23	68	14	68	-10	-34	34	40	43	1	-26	-39	67	-97	-76	49	-93	-89	51	67	-34	-91	29	-93	-96	-39	-42	80	28	-75	22	60	99	-79	10	-15	-53	-65	-89	-10	57	60	32	-61	-22	-68	-65	-16	29	-18	94	88	91	33	16	19	45	24	
72	89	26	43	90	60	-7	63	-64	1	-9	40	78	50	91	52	12	-14	-54	-82	-21	-68	72	-82	87	44	-69	74	48	74	-52	-6	23	-3	83	-74	-79	33	30	88	-50	18	72	-71	70	-11	-24	86	43	-77	-26	82	98	-57	34	-50	-33	56	13	78	24	-9	-59	0	37	-32	33	-21	-34	64	-79	-5	83	-22	-92	84	89	17	41	55	-47	-47	-7	16	3	-14	-95	-99	85	-27	21	-47	-56	-63	34	29	-63	-65	0	15	-63	-38	2	41	-10	17	-83	45	81	37	-32	0	98	17	-51	-54	-14	-25	-33	8	38	78	-42	60	-37	42	-20	68	
11	70	-69	-29	-17	-4	-24	-98	-90	-83	-4	11	46	-14	-99	-37	19	77	32	25	17	-3	94	-56	-82	-20	40	-80	-36	56	-77	-49	53	37	-38	38	-44	-49	-99	74	-50	-68	-77	28	-94	52	30	-20	84	-73	-72	-30	10	54	-37	91	74	81	59	20	-98	-77	77	-16	-58	-36	-54	-98	-98	25	-84	-79	-79	-13	74	-96	57	4	74	-49	63	15	56	-85	-18	-93	-31	-13	-37	53	60	87	74	-56	16	32	95	0	61	9	-52	33	-79	-97	-25	79	-99	6	9	-73	-72	57	-57	-22	99	1	86	38	-33	-33	-86	-47	-30	63	21	69	47	-13	
89	-75	-19	44	-15	74	70	11	71	95	-17	-44	-99	-31	-93	-3	-32	74	-58	-8	-5	75	-41	-84	49	-17	42	4	-27	-92	84	-6	77	67	3	-13	-9	-88	-79	-66	56	-47	49	-43	91	-1	82	44	-40	-51	-91	8	-57	-55	-21	68	61	-27	-23	-91	-6	-94	99	-52	55	-88	-71	-51	45	-68	33	-43	-56	57	-92	-46	-92	91	31	-35	98	37	-72	50	-47	-35	-59	-27	-52	-47	36	-47	-38	71	33	60	82	-4	-85	75	-77	-65	-44	-4	-80	-45	-1	96	-34	13	27	2	-22	68	65	-44	-10	-30	6	55	-43	-59	-96	-36	28	49	74	-68	
-9	-59	-36	-68	66	-52	38	15	11	25	35	89	-14	-22	-93	88	-83	29	-4	-17	49	98	-33	-20	41	-4	11	91	88	66	-55	-84	-6	-9	-16	32	0	4	-97	-29	73	-66	83	14	-22	52	38	68	55	7	-56	-88	-23	-93	-20	62	-8	34	-89	62	-80	-92	-55	-15	42	-33	67	-10	69	14	-77	87	8	28	-21	64	-9	-23	73	27	-66	69	38	75	34	1	-69	97	13	-78	-68	87	-2	93	-1	94	37	52	94	-34	68	40	75	-66	-66	-74	42	15	24	24	33	-97	82	49	-81	57	71	91	38	39	-58	-91	27	97	-68	33	-41	76	
83	-4	-61	18	11	-84	70	-7	-89	29	-57	24	0	31	91	21	36	-43	39	83	74	5	-94	-77	-62	-5	37	49	-91	-31	-43	-9	29	78	66	76	32	-90	45	62	26	79	1	-52	13	26	-39	89	41	94	-32	-52	-51	-42	14	-55	76	7	68	73	-47	-42	88	59	50	-88	23	-98	87	74	-98	-45	-69	8	64	22	85	1	48	54	66	-33	-88	20	73	81	-29	-1	31	87	43	-62	26	54	-76	26	3	89	91	-71	-8	91	30	87	-2	12	-88	-26	-38	-41	40	-13	-79	-87	-64	-91	-10	14	75	-58	80	-27	45	34	-85	-54	47	-70	
22	-1	-68	-62	-74	-23	-30	-32	5	-30	-13	-38	-44	-76	-63	70	8	-23	-15	-6	-66	-44	-16	10	-87	-75	57	3	9	45	-30	-10	-91	14	-24	-53	54	-39	77	-95	42	69	-36	-4	-55	19	70	23	15	24	62	-34	78	43	-26	-24	9	-71	-69	-44	30	-62	96	-17	-27	55	71	-61	-66	9	43	-65	82	50	-65	80	-61	-99	-79	-22	10	-99	71	36	65	-82	-35	65	37	-21	62	1	-43	-81	16	33	-85	-13	45	45	-98	23	-80	3	-56	-23	-25	-41	24	-46	30	71	-16	23	85	-76	-53	69	-40	-2	96	66	-49	93	-35	17	23	85	
-25	53	33	-95	-81	-19	37	70	98	59	-97	-24	-96	-1	-35	-59	-51	-71	-42	23	-83	-49	-68	-5	-9	-70	-69	42	40	37	34	88	9	73	-78	31	-91	33	-52	81	7	-19	98	-93	57	18	-80	28	65	45	-50	56	8	4	32	22	-37	67	-55	-77	43	3	1	17	-37	14	90	-80	-64	-11	-21	-35	-80	97	15	0	22	-86	39	-95	17	15	36	9	31	-49	11	15	-39	-30	-39	-17	38	90	58	5	-50	86	67	-88	20	54	74	-74	82	72	87	87	96	-54	66	85	83	-4	-19	52	33	-23	76	-26	-54	-84	92	-67	-1	99	-33	36	
-8	71	-84	-70	83	78	-43	70	-6	-91	29	-91	-33	-2	-26	-87	31	65	-35	-85	33	-29	71	-78	9	28	80	73	13	-84	66	78	-82	64	-84	87	17	46	-72	-19	45	-73	-71	-39	74	-76	47	89	51	99	-7	4	-59	-66	26	-66	36	98	37	44	-65	-3	-27	-45	-2	13	-35	-86	-20	78	-41	-71	35	41	62	36	-58	43	36	-64	85	0	-99	-19	43	-71	-46	18	-67	6	97	61	-35	93	45	14	-38	-7	-56	14	28	-88	-83	-11	-70	-83	-13	-23	-53	-75	77	-33	59	-58	-19	67	61	-77	66	-46	59	-4	-26	76	48	-29	45	-46	
-56	20	-28	27	-47	85	45	-50	-12	-80	-38	21	8	17	70	-9	-19	5	-22	40	41	-35	8	-43	95	-15	-80	-73	-91	45	-5	-39	40	-23	81	-84	40	-61	-60	24	79	89	-28	3	-4	85	-7	85	-73	62	-23	81	-21	15	-98	-36	-31	41	40	83	-45	-58	-96	-4	-4	-29	-16	43	5	18	-51	-85	32	46	24	74	-1	78	-80	19	-48	-65	-11	-53	71	-71	29	-57	36	-91	36	85	1	-34	-45	67	-6	61	-44	-85	89	90	66	-85	-54	-66	93	-79	-15	-76	72	-6	79	-48	34	92	-42	-46	34	-14	-7	-83	-32	95	28	-59	19	-83	
37	26	-68	98	5	23	-76	-31	-18	-36	29	1	7	-62	30	80	28	-90	81	-11	34	-29	25	46	79	-98	18	70	-64	7	-29	62	99	-5	94	-19	-4	42	65	76	-76	-57	78	-24	11	-89	-71	-49	9	3	-24	-35	26	-61	70	-89	-16	-45	26	88	-4	-78	82	50	34	-98	31	-90	14	2	41	35	-89	3	53	-53	21	90	-10	46	-98	55	-29	-39	49	-81	-36	-51	-49	-93	-98	16	-29	-27	47	37	-70	78	-90	-95	-15	-34	-45	-78	92	0	70	14	23	-43	-66	-71	-25	88	72	59	-12	91	32	-3	93	19	72	-66	-78	-22	-42	85	
96	-87	-60	-59	40	-81	-20	1	-40	-80	9	64	61	35	-81	23	-45	-49	-56	30	-59	-73	-48	-49	-46	5	81	-94	-56	97	-2	-18	82	58	-28	40	52	71	40	-41	-55	-46	-20	-30	74	18	0	-81	56	-21	79	-75	27	85	-72	57	77	15	48	-25	24	-3	-32	-7	-23	76	94	87	-50	-92	2	1	-5	76	-13	-75	45	14	15	17	2	-46	97	21	9	74	14	91	48	72	-73	3	-31	-48	-91	89	63	-93	-72	64	-31	-45	-69	17	-7	31	-42	52	-4	-23	22	-41	52	50	-53	6	4	-83	-39	43	-42	-80	-61	61	36	13	2	-97	
94	31	-66	-84	93	48	-20	-84	-66	51	0	-45	-1	47	-65	62	96	-59	83	84	15	62	-25	49	-14	-23	-65	-2	-30	-74	-94	-59	-81	4	66	46	-22	68	58	-94	18	38	-41	-53	90	72	15	79	-2	-18	-25	1	28	-98	-86	-62	-14	91	92	79	24	-24	83	93	91	-5	-31	67	27	97	14	-74	11	83	14	90	-66	35	-22	38	43	-86	5	-33	-23	98	-41	-17	-89	-7	-67	-47	-16	-87	-62	8	-25	83	-99	-63	50	11	-37	95	-81	-35	-4	86	-68	-15	4	39	-69	60	-90	-43	41	83	-35	-10	32	69	31	62	81	81	-5	-15	
94	-43	3	76	46	76	-37	2	35	-10	-30	-17	-54	49	-70	-33	96	48	-68	-48	-83	-47	62	93	-24	15	-28	-71	-82	-93	41	68	-8	-88	92	90	13	-51	39	77	1	22	77	-64	18	64	88	-48	-1	-72	-77	25	4	71	-74	62	45	56	-82	-87	82	-63	88	-19	0	88	58	-20	42	-61	44	91	-60	16	72	-47	59	77	-74	-41	39	56	-95	15	-72	-58	52	-9	-1	-7	33	-80	18	-44	5	71	67	-98	-7	3	42	-99	15	-59	-91	-42	25	21	32	-40	2	87	42	35	51	-33	-4	40	45	-88	-70	13	-53	-91	51	28	98	-27	
-52	-93	-5	-2	-11	-81	98	-93	-52	63	-92	95	41	0	38	83	94	99	55	-13	99	23	-68	-17	26	-78	91	65	97	24	-45	82	37	-42	-38	-11	-3	87	54	-44	-38	2	47	-14	32	36	-51	-72	52	-84	71	-80	-81	49	25	67	15	96	88	11	54	2	66	-49	42	60	29	-91	-61	-98	86	53	39	16	-16	0	27	79	-82	-15	-14	89	-17	-5	24	-68	73	-64	-26	91	-12	-65	99	37	77	5	-29	-34	-30	-80	-95	-65	73	32	-13	-94	-68	18	9	-48	8	30	-3	87	56	-87	-67	-24	85	92	-85	25	50	72	-50	98	-77	-48	
-44	65	-55	9	9	-67	46	45	-50	-36	-17	-64	-32	79	94	-93	-67	95	-63	-50	42	-18	-81	72	-38	-35	21	76	65	15	-34	-2	19	-29	54	-58	0	88	-44	16	-73	-91	55	99	-74	-32	-27	-62	84	-32	-74	38	-70	60	39	-50	81	-58	60	-9	-24	46	28	-49	4	2	-75	58	-19	-12	-47	-22	-55	69	-89	5	-24	16	13	69	-50	0	-16	71	29	-97	98	9	-51	25	-12	6	34	94	88	17	39	-16	76	95	75	85	-64	-82	76	9	90	-78	-38	24	87	70	-10	-87	-78	95	27	-30	-27	-60	72	-93	36	38	-95	-6	-55	-61	
-66	-4	-83	-49	33	-54	-44	-16	35	-30	-32	51	35	-62	37	60	24	0	17	-21	-33	62	42	-97	40	54	99	-4	-14	29	42	-6	-6	29	-60	77	-78	26	23	3	2	92	66	-40	15	83	62	79	0	-96	-11	9	70	62	58	-60	78	-13	2	76	74	27	-53	10	-67	-65	-84	-19	-61	51	-51	-31	-69	26	50	-40	66	65	26	24	34	-23	-67	-77	-76	-99	-96	62	-75	36	47	-1	96	-37	-94	-19	-55	51	-37	55	60	45	85	-22	48	89	40	-61	62	-63	-65	-89	-29	-47	20	-31	10	89	-84	-12	27	32	96	-55	-96	19	-5	-86	
48	0	40	-52	-8	2	-58	81	19	-4	11	78	82	73	9	21	44	29	-56	39	76	-62	59	23	9	-47	38	-79	-27	-7	-63	-46	53	-97	-61	27	82	75	-84	72	25	-17	1	-84	-53	16	-24	-77	-42	40	14	-93	-8	-42	-19	-90	38	60	8	-19	41	31	-2	-95	86	-51	-2	-49	17	-7	9	32	56	38	90	79	-97	48	-70	-47	-31	-8	95	-48	52	0	-4	61	-25	30	61	-98	71	57	-43	-49	55	-60	67	66	-16	33	2	-38	-99	-47	-29	-19	-45	-45	-85	-14	3	-94	-88	-94	82	-29	74	64	-87	-86	62	20	85	-99	59	14	
-44	-85	72	-89	-59	91	90	11	71	46	-6	92	32	14	-9	58	-41	38	75	-72	49	20	22	-69	32	-79	-33	81	19	-13	28	86	-67	86	-3	-77	73	-96	84	-94	84	58	-1	39	-39	1	23	40	63	-86	37	23	17	11	88	-70	-30	-93	-20	-5	-36	-31	-98	55	51	-80	8	51	-78	-79	67	-94	81	-34	24	-14	49	24	69	-61	24	9	0	-62	75	-48	-46	-44	-81	82	-21	18	-45	22	78	-87	-28	-39	-61	-10	-99	-30	52	-74	-57	91	4	54	-8	-16	-12	-40	-52	21	38	1	-42	-83	11	-32	-65	51	37	71	34	-83	-95	-38	
60	-13	95	35	99	-35	-28	-82	-44	67	-43	31	-30	27	-94	-25	77	-52	-6	61	59	19	17	85	91	98	43	16	-48	-99	-10	49	15	64	41	-78	74	92	3	-56	30	-81	-36	-99	-42	-31	-27	-43	33	16	-85	31	44	55	53	93	18	61	73	43	-63	-71	-58	-37	74	71	-99	22	78	94	-41	70	-15	-18	-97	-7	-92	55	-44	-95	-97	-81	-72	-96	-33	-85	-82	38	-40	37	-74	1	-74	70	52	41	35	50	-31	-10	40	91	3	20	-41	-32	-54	35	42	0	26	96	-16	72	-96	64	30	12	-88	29	94	97	-99	-78	-93	41	71	-32	
88	-87	39	25	10	-7	-74	-32	1	69	66	95	-77	79	77	89	-68	-54	84	-29	-73	45	24	-19	58	-79	-40	-36	14	19	-78	9	40	-7	-98	71	-77	22	-97	31	-83	32	-36	-93	-35	46	76	64	22	-41	-12	96	-32	94	-12	37	36	23	-41	-79	33	93	-32	-26	-81	31	84	86	45	-98	59	5	-56	72	-97	-77	29	-91	-81	-20	42	-60	-30	-95	-31	-86	81	-38	-24	39	14	-55	-40	10	-20	-87	34	-93	-98	44	-86	-72	-26	-10	72	75	-70	-35	32	83	27	67	-22	-30	-1	54	-57	7	40	-37	-71	3	-46	-4	83	83	62	76	
-15	-9	33	-8	41	25	-37	-46	26	-53	88	54	-49	86	93	0	-69	-77	25	44	52	0	-35	1	48	-89	-16	63	-34	29	65	-87	-91	41	53	-36	-59	-99	87	12	60	-75	-97	94	92	10	-4	-44	66	-65	22	30	89	-32	-34	-63	-97	23	81	26	44	-83	39	96	12	-29	66	-72	-41	84	0	22	42	44	18	-1	-12	10	11	60	-24	13	49	-99	41	18	-87	-43	41	5	-58	-21	90	25	-94	28	-28	62	79	72	-48	-66	34	18	49	38	34	-82	94	30	-45	60	-4	-51	87	9	17	75	89	-30	-21	49	79	31	91	-66	-24	-10	
52	64	88	79	-5	-8	-4	36	58	32	69	-66	29	48	-63	-33	-23	11	-75	-68	-49	30	-66	-30	-56	17	-29	-89	21	-63	0	4	-47	-87	58	59	36	-64	-8	-83	-60	-41	-36	0	-71	46	-13	-47	-70	86	93	40	35	36	3	-59	-71	-6	-82	69	74	77	-18	-51	-10	69	-87	-85	19	-69	-92	38	-80	-23	55	68	60	-21	-69	71	-14	-34	54	76	-44	-48	-74	0	83	-69	68	71	-34	11	-17	34	27	85	-44	7	60	-77	93	-41	5	18	-52	58	-34	90	4	87	-50	-65	-86	-35	31	-33	-94	5	89	-29	65	-29	9	-3	0	-97	
-63	97	-38	48	49	-46	59	47	-26	-43	-16	92	47	-91	38	50	7	-54	-36	19	87	81	68	0	9	39	19	-3	-30	-66	87	73	-20	-45	-86	-42	82	-25	8	-49	-20	95	-23	-57	-97	-26	-45	83	-84	-74	-45	48	95	-81	50	-22	23	61	20	57	95	-57	87	9	73	-94	-3	97	68	-55	14	41	-98	-40	73	-91	33	-12	-42	44	-9	86	84	-16	66	-75	0	-70	-70	-73	-60	16	65	65	3	-75	3	-29	96	44	16	-95	87	-19	-80	-6	-8	-85	-3	-33	-64	71	-21	-7	-98	-33	-23	35	-98	-73	98	-70	5	32	-57	67	-26	-41	
-43	70	52	-7	-87	91	0	-15	99	-9	44	-13	11	-27	-71	-90	-69	7	19	-1	-61	-44	12	64	49	68	19	-99	14	-20	-95	-4	-26	90	31	-52	-88	-6	59	-16	-96	54	69	-98	-80	-74	-33	44	-94	57	30	-70	-61	-74	-99	-29	26	-63	88	32	-84	49	40	80	80	-12	-2	32	-63	-84	49	62	-48	-75	91	57	-17	-44	52	-45	66	46	-96	32	-88	25	-81	17	-70	18	52	41	34	-31	-14	22	-38	-2	-2	-45	-3	-32	14	-18	-45	98	15	71	-28	39	31	76	-33	55	-16	30	-74	8	-15	-25	66	62	14	35	-87	-38	-92	91	
-44	-65	50	32	-9	-66	70	-88	-67	21	-35	76	-87	45	80	-8	35	-37	20	63	65	57	-20	75	-48	-21	57	-59	-16	-27	41	73	-61	15	-35	-67	-7	39	-22	19	-62	7	-93	19	-22	-58	34	93	-97	-80	38	84	24	-76	89	21	-91	27	-98	94	-45	37	-87	-78	-42	-16	-10	-29	27	-84	-57	-72	38	33	-97	-58	84	-25	77	56	66	-3	-77	62	-41	-73	4	47	-96	-80	-60	88	-85	-69	21	85	-2	-15	72	37	-76	-12	60	-23	43	-2	93	-53	-61	-44	47	-74	21	82	71	59	85	79	34	54	-10	-33	-3	-38	60	-99	16	-10	
-14	83	-67	-36	-65	50	-23	81	-16	-41	-5	84	67	25	8	73	83	-64	99	55	69	-20	65	29	20	1	-7	-42	-73	-57	59	9	40	45	-26	8	9	-43	34	-8	48	31	-99	81	-46	7	-21	0	-93	-5	50	-67	46	38	-36	-87	60	43	-97	84	14	0	11	1	-99	77	-72	-61	-7	51	50	-83	-62	70	-54	54	-50	9	-7	-18	21	8	92	63	73	-47	-58	-34	-61	31	63	36	39	26	12	5	92	-78	35	-36	60	-36	17	-42	79	-46	-58	-7	-84	-97	-83	29	68	12	-52	67	-35	-35	-27	-83	3	-1	-67	64	46	47	-67	57	
35	-42	-69	-5	-66	8	70	-51	-24	-40	-65	43	17	-45	-71	24	-71	-99	-80	-96	-44	91	48	-45	47	-16	-41	-76	55	-46	-75	-85	-41	90	-40	68	90	-4	54	-63	86	66	-43	-89	67	-77	-10	92	-51	24	-68	28	-4	-49	-85	12	96	2	73	90	83	35	-33	-48	-10	76	-17	42	41	-31	-56	-50	-75	-43	48	41	52	-28	-5	22	-48	98	-7	-90	-84	-74	-18	96	81	93	25	64	-64	67	-20	-88	40	86	-79	47	-50	-7	50	17	47	-16	-98	-5	24	-35	15	65	62	-7	-31	-9	80	6	-24	66	87	47	67	-51	-78	40	61	-52	
60	-70	66	-78	0	29	-60	0	-83	-36	53	46	25	76	-44	63	92	-49	64	8	-15	-94	-38	79	-94	75	-55	82	-9	20	43	10	68	-97	42	-1	95	90	42	-10	-85	40	-60	74	-85	-26	29	63	0	81	17	5	82	-2	64	-65	51	95	79	-84	-67	-92	99	-45	-19	95	-13	-54	-47	72	21	-65	-46	-87	81	-42	82	96	46	-81	-72	7	80	85	-69	91	-51	-67	69	-76	-26	-51	57	-42	93	22	4	-6	-42	16	54	54	-15	-55	77	35	-54	64	-37	-67	33	51	-70	-26	-2	-76	-49	-65	52	1	-56	-37	26	22	11	-50	31	34	
-59	18	-2	21	24	19	-12	-62	8	-79	4	2	-94	12	-5	83	58	-30	-95	15	-43	52	7	75	-18	6	-11	-90	-64	35	0	-86	71	-22	21	-42	-76	71	-13	-54	-5	-7	20	-74	-4	-54	-32	-67	57	-74	-31	94	11	-94	-16	8	9	89	-65	66	-78	-77	-12	-66	86	0	57	-76	-64	-97	18	53	73	-9	7	63	-47	47	-37	81	-7	-92	-81	37	-90	-30	91	-40	26	58	28	22	-62	86	-36	74	-54	59	-38	-36	-82	-40	-50	-42	33	14	-74	-40	58	-39	51	41	83	44	-49	-53	-99	58	-26	-77	5	-25	-32	-72	-97	-89	-29	5	
83	38	-33	-65	38	-33	75	76	-58	-65	72	33	-1	21	-4	0	-79	-73	-34	-97	-13	-89	45	-73	-71	46	28	16	53	-16	-15	-50	59	59	-61	-66	38	-66	-24	-92	-82	-91	-70	44	-97	85	29	-59	-58	33	74	97	-58	1	60	-79	-31	57	82	-77	-13	-45	-98	-34	-75	80	19	-14	97	13	-60	-52	66	97	-62	33	-89	70	-34	95	24	-11	57	-26	45	64	-83	1	25	2	73	-14	-17	-1	93	65	-28	65	6	92	-30	8	-24	67	9	-88	-9	-49	-91	-30	-3	-53	24	-17	10	81	-17	58	52	42	-99	-99	-89	-86	3	-16	17	38	
-92	72	69	0	-47	32	88	16	-61	-99	68	82	-6	82	-24	-17	80	-23	46	-41	82	-49	-52	-61	-86	-16	97	-30	-53	31	-84	94	41	-19	-93	86	37	-49	-57	8	-22	2	-27	27	48	-58	-11	1	-74	93	84	-46	70	-64	-57	23	48	-50	-13	61	41	-98	76	-5	-24	-21	81	-30	-14	80	70	2	-85	-99	-34	12	-31	80	65	13	-36	50	-5	21	79	42	-61	-20	49	96	-31	11	22	-26	-28	-29	78	-86	12	55	-65	-92	94	24	-84	-31	-81	35	85	95	53	-30	-4	-68	79	-11	-73	-22	-69	15	-19	-25	-40	7	22	91	80	-11	
93	-5	-55	-69	24	0	-90	51	-14	13	-37	32	75	38	0	44	81	-66	69	-69	78	-39	-85	-81	-71	-59	19	-71	19	54	-63	13	99	-85	-66	-14	-76	17	-48	65	-45	-79	-68	62	-64	58	18	76	-54	-38	-20	-69	-58	62	36	26	-4	-49	-8	-11	84	52	-93	20	-42	20	63	11	27	80	53	49	-17	81	-66	50	-65	-54	-82	58	-37	-40	71	-25	-29	-65	-17	-91	-69	11	68	86	-15	-44	-19	-75	36	60	70	9	-43	-33	-45	-98	-48	-49	-75	50	-80	93	0	-7	87	95	-5	-61	-82	13	71	41	77	88	-31	0	36	-15	-65	-72	
42	13	-75	99	-21	-37	-80	15	73	-14	-93	20	59	-17	9	80	-60	2	-72	97	-18	-89	16	-8	-60	-98	-41	-35	5	29	94	70	55	-42	27	73	25	-48	-72	-36	-30	38	-5	-24	79	29	-14	-32	25	-2	18	-1	42	-90	-57	-99	12	63	63	-32	96	20	-13	-85	79	-94	-14	46	-49	23	-14	-51	-12	48	-6	-22	-93	17	-46	-97	-41	-80	-40	17	-14	0	67	58	-18	-6	-38	-30	-74	91	-2	-3	32	-52	9	66	-13	-55	18	-11	-24	-64	-98	46	46	98	30	-45	36	87	70	20	71	16	92	-29	97	-31	92	-73	19	39	-76	-63	
-33	57	7	39	8	-72	-34	-17	-99	32	29	-34	80	-1	58	20	19	47	-58	-58	-45	18	84	-15	87	79	4	-17	87	44	-36	40	93	34	-77	-21	-75	54	79	95	69	36	88	14	-76	-24	75	-72	-56	-72	51	-56	-85	37	84	84	-12	-30	-77	-80	-55	-70	-21	-50	-1	-64	-68	82	35	70	-56	-76	-26	-21	55	-62	-9	92	-27	-13	17	32	-1	-42	37	-59	19	-66	46	54	-92	-15	0	37	-53	-55	27	-7	-57	17	-15	-93	16	-84	-3	67	-58	1	-41	-86	-88	17	-85	48	78	90	97	32	-46	79	-59	97	-80	76	89	68	9	-49	
65	-41	66	89	66	81	-90	66	7	66	66	13	10	36	70	17	34	-31	42	68	46	-78	-9	-37	-60	-8	3	85	54	-36	7	63	64	46	-20	-72	-15	-55	-46	-45	0	36	26	-68	-43	-8	10	-95	70	-85	59	-9	-59	-51	-60	64	53	68	22	11	93	19	94	82	12	-7	-77	-98	84	42	49	-58	-60	-33	-67	0	67	-16	-90	79	-18	27	55	83	-79	-36	-37	35	-25	-31	65	-5	-55	98	72	0	16	89	5	-14	3	-64	97	-89	-20	19	-56	73	-98	8	1	65	88	44	80	29	-10	27	-97	34	88	-6	-29	-7	-4	3	-77	27	
27	11	-82	-94	38	-56	-89	-5	-95	-26	-44	-56	54	57	-32	0	60	-23	4	-39	43	-30	-37	-14	0	-60	79	48	80	-16	-94	-28	80	-52	20	30	90	0	-49	63	-59	-97	45	71	54	-42	-56	-58	21	24	-54	9	67	-76	-27	17	-16	25	63	-38	-36	-70	2	32	-40	-21	-63	-43	-43	-99	-12	-57	35	-93	32	-20	64	-65	20	-94	54	10	-49	-47	-78	-62	-15	-70	7	52	46	-59	-16	-81	22	0	-94	45	-68	-87	43	-40	-73	-64	-25	-71	41	38	7	97	98	-9	-12	-39	-3	-31	80	60	-34	38	40	-35	-92	-43	45	-85	90	-40	
-53	-35	-10	-6	-89	48	-90	35	-47	-69	-48	-44	53	-42	-76	-98	66	90	51	71	15	-16	57	93	-78	-97	26	-72	-70	28	-1	29	12	48	-68	-8	43	46	80	-6	53	89	96	-11	80	65	-18	-52	18	-45	-25	-74	-83	21	59	-26	34	-44	28	-49	-47	41	-13	47	-47	-69	-50	44	-64	-49	97	-92	-94	-14	96	83	-82	12	70	26	55	-93	-91	-39	-8	36	-19	41	-17	88	71	60	-47	0	-83	-91	26	96	-27	29	28	-44	-46	13	42	80	-76	-71	16	46	54	-89	-26	1	26	-40	48	-6	-71	61	25	-82	85	30	-29	4	-17	-67	
-84	-97	-51	-16	75	-46	-47	-15	53	26	-3	-44	36	-19	-47	50	6	-93	89	-58	-36	14	16	-8	-79	-13	95	18	10	37	75	92	87	-39	51	93	6	-23	41	-96	69	-6	-71	48	13	-43	25	-21	25	-40	14	-15	-97	-47	73	62	-5	-11	92	9	-97	-97	-92	38	-35	-97	-16	74	55	-3	65	-75	33	98	98	34	64	-73	53	77	-90	-91	38	71	-39	-26	91	-26	-92	53	35	90	-70	59	-27	64	62	75	-25	-98	-72	20	-78	-39	-74	65	-31	13	-72	29	13	69	-5	-80	95	46	-55	35	-16	-56	23	-3	-29	60	93	-5	-86	85	
-22	73	97	-41	-37	38	-6	95	67	36	-67	-54	37	70	-85	-19	-74	29	-16	75	50	59	-59	86	-57	28	-70	89	-94	35	-68	-91	50	-65	-95	-72	6	55	89	96	-68	-76	11	50	77	88	-95	91	-53	-64	-1	98	71	-24	47	11	97	-57	53	-65	-48	32	34	41	32	91	-45	-92	-43	-80	-37	61	31	-95	30	19	15	74	26	-92	72	95	73	37	-56	11	62	32	-44	-30	41	-5	-4	-9	99	-45	-36	-93	80	-31	-49	33	-67	56	-46	90	91	95	-31	30	9	55	-67	59	-79	-87	85	-43	-91	20	-42	-76	9	33	79	-24	42	-85	
79	61	87	-91	74	81	39	54	-63	-67	5	-65	16	24	20	-21	-58	-63	-35	74	93	-26	-60	66	66	0	38	7	59	66	45	31	-73	53	-1	-22	87	-79	33	-23	82	23	41	-28	-62	31	85	-63	-9	-23	-48	-57	-47	-84	33	32	-31	-88	-39	24	62	13	-70	-62	44	42	31	-81	87	-11	72	88	-51	-79	45	96	11	59	37	13	-58	-78	59	20	24	19	79	-4	-40	73	39	-44	30	36	28	0	9	81	90	20	37	-64	-3	98	56	-28	-44	-50	-32	-45	-88	3	-29	70	-90	34	-34	47	23	80	-21	27	-36	-96	16	-33	-91	-6	
-25	40	-71	46	29	-94	-42	83	86	-33	41	47	-22	-66	-20	86	0	12	-5	-28	-3	-86	48	-61	-84	13	-27	-87	92	-16	-77	58	-81	-1	81	-20	-4	-82	-31	-91	-42	-93	-64	-72	-85	-20	-42	92	1	-61	74	-18	91	83	-1	91	-30	-17	17	-2	-81	-17	53	-99	54	-88	-46	-11	-63	-13	-72	-12	40	48	-71	-12	24	28	-90	-35	93	28	34	29	-85	66	-50	59	59	0	-9	-35	45	15	95	-35	-78	-80	3	14	-56	-50	-10	49	-21	52	18	-69	-2	-3	39	-90	-3	-82	-84	-51	-80	-98	-64	12	-54	-20	55	88	-26	59	-31	-35	
-24	-96	-18	0	2	-93	51	55	-73	-77	-17	38	10	13	-51	-31	70	84	27	40	88	99	43	-96	35	-97	43	0	36	-46	65	-16	-57	-25	89	66	54	68	-24	66	42	64	-2	-39	81	-78	-67	-34	99	-60	-28	18	-96	-32	-3	32	-65	82	64	58	-11	-95	-35	-6	-41	-74	-45	57	31	-13	92	83	45	77	39	-58	-75	-32	-88	96	4	3	-15	-94	-54	-84	57	55	-33	-64	19	26	-81	5	-96	-2	-25	-6	-70	-39	12	-74	-91	-25	14	-48	-16	81	-84	-18	40	36	-31	58	47	30	-20	33	-86	87	0	-39	-13	18	-58	29	-61	-68	
-60	94	-75	-19	-32	59	63	24	86	-83	35	49	90	48	49	44	-47	69	-66	-71	-92	69	81	-70	-8	20	55	41	52	49	10	-63	-83	33	-72	-99	86	-72	-14	36	-48	-70	29	-53	-57	87	-95	-77	-86	-31	14	27	4	-21	93	-45	-17	-50	83	-84	-58	60	74	36	0	-23	-2	-19	-49	77	-49	-89	42	-69	46	-70	-77	-10	-20	-17	-65	-86	-91	-26	46	-39	-30	-18	71	-2	93	-74	-55	78	82	-95	-88	68	-40	-23	50	-86	43	4	44	37	32	12	0	-15	-38	-34	-96	-57	-49	75	95	31	66	58	94	-52	-10	-70	59	97	47	-75	
-86	80	16	-86	69	55	4	50	12	-81	71	-89	-36	-31	-69	32	-42	94	-72	23	-49	-28	95	57	-86	85	-42	-92	12	-66	-82	-89	-63	35	-16	-28	-40	24	87	46	-71	83	58	44	-50	-5	-13	-9	-82	63	55	69	99	83	26	64	65	-63	26	99	-21	-13	-2	62	19	-36	20	-21	-2	-11	90	77	-27	83	-51	82	-38	59	-70	78	-99	-15	75	44	93	5	-82	43	-27	-15	61	3	97	-44	-85	-9	40	8	-62	44	59	-43	-36	55	-64	93	72	81	12	37	0	-37	-24	-60	-50	-97	-6	-56	30	57	-86	-24	3	27	83	16	-16	-27	
52	-82	92	-16	-24	-44	40	-1	-55	84	83	-26	80	-1	1	40	-68	-59	-2	-14	-4	-32	-11	70	-12	78	-66	-14	51	-95	48	57	58	-81	-97	90	-6	-46	-8	-37	71	68	-23	87	-53	-79	22	-71	-6	44	-4	56	-8	29	-19	-89	33	-83	-43	83	57	51	-52	-11	30	65	93	46	24	70	-45	-37	-21	38	-94	66	37	82	43	51	-52	60	-37	99	37	-8	33	64	69	-72	-77	-19	-7	-7	-99	-27	-26	49	-50	-77	22	22	35	-10	-42	72	-72	85	-46	33	2	-49	1	43	-51	91	-10	81	53	53	-78	-14	70	-34	43	13	80	25	
-66	37	-41	95	-46	0	19	46	-31	0	-63	-69	53	-55	-98	-19	-1	-85	-89	97	8	-87	54	-77	98	91	15	72	48	-7	-60	66	87	-7	-84	-11	-57	72	-84	-53	79	95	10	-68	99	8	-53	-24	77	68	-39	-6	-30	-11	80	0	-62	-59	67	-34	-54	77	20	0	-84	63	52	23	99	-1	-4	-44	50	42	-82	-36	22	-95	15	43	-68	-27	-27	55	41	59	11	63	58	-30	-85	28	32	53	23	98	7	63	80	14	80	67	-80	-4	-40	82	-5	37	-85	-36	-91	3	12	-34	-90	-65	-25	13	19	47	55	-88	39	-1	68	37	-72	-10	
-11	80	96	75	-82	30	9	64	-58	29	78	-26	20	-9	-59	80	-68	76	-10	-90	92	-97	50	71	-13	58	-35	-93	51	0	75	34	-93	12	66	99	-24	-65	-9	35	-40	-18	-30	-32	-19	-97	65	41	-45	-14	-57	75	-62	-59	80	-99	89	48	-33	-53	-17	-50	-33	93	-46	95	-74	-88	14	-12	42	18	33	-55	-51	-23	11	-3	-65	27	-56	-18	-96	-23	58	-8	51	-36	46	54	51	-70	51	-11	-73	-32	-65	64	13	76	-27	-23	63	66	-50	-63	50	16	58	73	22	65	-60	52	-21	-96	17	-82	-79	94	21	35	-90	-76	83	35	7	44	
83	-44	-29	-9	59	-79	92	72	30	-36	-63	24	65	-56	12	43	2	56	27	82	8	-29	86	-65	61	-92	-17	23	-27	-59	85	39	42	-22	-12	9	-17	73	92	71	44	-29	83	97	-37	-55	-11	-61	94	-76	40	31	27	13	-96	-24	-52	54	11	-98	12	22	52	-29	70	-4	-94	-20	93	45	-69	81	-28	9	91	39	65	31	-48	-67	70	-33	59	-90	-38	45	10	-33	-67	-29	-53	-14	33	39	-57	3	-30	96	-89	46	74	-87	-22	74	14	48	-23	-38	59	-89	36	-96	-81	7	30	50	49	93	-61	61	23	47	75	-7	66	-54	-42	20	
-46	46	33	-86	38	-6	51	79	-80	26	15	-93	34	-36	2	-4	-37	-77	51	-5	95	-94	30	-25	4	69	-89	53	-61	4	-99	-64	58	-58	57	-52	-78	-2	-23	22	83	-51	-53	0	-98	30	-12	-37	-88	84	-15	-1	86	-6	83	41	-20	-91	49	93	47	49	-22	-34	-86	-59	-7	48	-15	7	83	-18	93	-82	5	-42	54	-64	-81	-90	16	22	-13	73	-76	-80	-81	20	-11	-21	81	21	58	-64	-35	12	-56	79	-8	-50	-84	0	-80	-45	-74	60	82	-43	70	84	-61	9	-82	-91	92	-31	24	-94	52	0	6	-34	46	32	84	74	13	-19	
-75	42	55	44	-5	88	-30	-87	53	-28	-50	-21	29	84	35	-43	17	-78	-11	-56	-16	-77	-88	-86	-38	-46	79	-27	66	55	-18	64	-88	63	20	-19	-19	-35	64	-50	-92	47	-67	83	37	39	41	46	97	32	81	-5	-3	-8	-66	-74	58	81	-47	-11	-55	43	5	-78	99	-71	-66	-32	69	90	-55	-45	-90	91	-94	-22	4	51	7	-63	-44	38	-15	-85	67	23	-43	37	-98	-71	83	98	62	49	-83	75	99	-42	40	50	6	-30	45	83	0	39	-51	-74	39	-35	88	2	-28	-53	24	-28	-80	32	-30	-20	74	-17	49	44	67	11	42	46	
62	-43	6	-68	82	-63	21	46	94	-25	6	85	-1	84	-14	-18	-33	14	-85	77	-87	-31	75	-8	92	18	7	-28	3	7	-43	97	92	68	-98	49	-90	-98	-62	-92	-95	-57	-17	-66	-99	-94	4	-23	-55	77	-94	-42	-59	6	-2	-79	60	4	75	-2	-97	20	-39	-49	-92	-99	-5	-22	86	89	-31	-91	57	-73	18	58	23	20	27	9	0	5	55	73	-60	-34	30	-36	73	72	37	-11	62	27	53	8	98	10	96	98	45	53	14	67	-2	83	-23	4	25	-74	-20	-83	99	27	-28	56	63	53	-50	17	-12	44	-46	72	-32	-54	32	75	
-35	31	80	89	-97	25	-14	52	46	-66	97	67	37	-38	15	-53	-19	-65	-24	47	-48	72	70	-46	-26	12	-51	9	5	-11	-12	22	-53	83	94	2	-59	-10	-55	98	20	-9	-43	-13	-17	21	40	12	-83	-74	-31	-73	55	-72	43	44	34	87	-75	-77	-24	73	46	62	33	-7	-65	-59	67	-35	2	-26	36	65	66	-3	-45	7	-65	21	-59	-67	-13	-97	-10	-47	63	53	-38	-62	65	47	-45	-54	28	13	60	16	59	9	-49	-86	81	-15	61	28	46	42	-34	-5	76	-54	-52	13	-35	-33	31	-48	62	36	92	-54	-92	-81	-93	93	57	9	
-69	-73	-48	92	-29	44	-55	18	97	-37	-69	-20	8	-35	-12	27	-22	89	58	2	-21	-30	31	-27	-74	22	86	58	56	13	-94	-2	-41	39	-25	39	44	27	70	-56	-71	-40	-21	-53	-47	51	58	10	49	51	-47	-74	11	-67	8	-78	-6	90	20	-9	-65	61	18	75	-77	-94	-68	68	-74	-13	-63	66	-14	49	-55	-7	-23	96	96	60	49	49	-27	96	-58	88	-6	-95	-15	-59	-54	43	39	70	10	60	42	28	-31	23	38	-15	-17	-17	-6	-55	-95	-42	-89	21	47	62	-94	-11	-66	67	-49	-1	-92	-3	-47	-11	60	80	69	52	-86	-58	
4	-6	-59	-27	60	31	-51	-55	-48	-44	-23	9	29	10	-27	48	-94	5	32	18	66	98	87	16	-72	95	-89	-88	-69	-38	-23	79	-92	26	-69	22	-45	-53	25	67	-85	-45	18	97	88	35	-21	84	-51	-42	-55	-60	36	-33	-86	63	-15	50	46	-73	-82	1	75	-20	95	-50	-79	-3	-75	82	40	89	6	-93	-38	-90	26	27	28	31	-62	-26	96	-62	-69	89	-89	17	-69	99	28	-79	-84	-60	54	-36	-77	-62	-95	-50	20	-25	-70	57	4	-47	-50	91	33	99	46	-7	-1	-2	-98	64	-43	33	-84	5	-51	-73	-30	41	-19	-6	-28	42	
-88	-82	-96	57	-36	5	-33	-62	14	-90	56	12	-24	-41	84	-85	27	11	-66	-15	-11	-75	82	-32	29	44	-58	-60	-27	86	-37	36	43	40	67	-64	79	26	81	-61	-38	-47	66	31	13	57	93	68	-92	46	-16	90	-2	61	-79	97	-32	66	55	44	66	-20	-46	-49	48	-50	-58	-64	8	-47	-51	-9	40	39	24	16	-37	55	-28	26	-51	93	16	-25	-86	-16	-68	-78	53	-8	0	25	-13	77	36	70	-79	1	-25	-23	-51	54	-18	84	-49	53	-68	91	-10	-27	23	-86	65	49	-65	-55	64	-40	-41	-58	68	-43	-94	-70	6	3	46	-83	
-76	55	-9	62	-23	-8	-78	-58	29	34	-40	-80	5	-80	24	-68	0	45	37	-34	-61	76	-60	-89	-87	17	84	-78	-84	-46	-73	60	-89	-34	65	90	-15	-70	-4	70	88	-23	89	14	-11	-34	-74	62	-52	-45	69	49	53	13	83	53	-26	96	-29	-93	71	76	-73	-65	-87	-96	98	93	-68	-61	-45	-27	42	91	-86	63	63	58	82	63	86	-29	60	-87	-85	84	-66	-7	-87	31	-35	-34	86	-87	-68	-41	-65	90	-97	6	-30	18	6	-57	27	-71	-35	13	-3	93	-55	-78	-9	-98	-98	93	98	78	40	-3	-76	-82	32	85	0	59	17	-27	
57	-37	-33	-89	46	-41	-6	6	70	47	-36	-90	63	95	90	-59	-52	-60	79	70	20	-15	-59	61	-11	36	93	-40	80	89	10	71	97	-1	84	-5	86	82	-43	-26	4	57	42	-6	33	45	-96	-10	51	22	-82	-91	-49	-65	-70	-2	7	76	-9	-23	29	-89	-89	20	-11	-80	-22	18	-98	-67	28	98	-33	-36	8	-36	32	-16	-29	67	30	91	71	76	-93	41	-17	-8	-66	92	-8	-65	10	66	69	84	85	-4	85	-30	77	-4	-63	-97	61	57	-22	-61	-7	-23	-13	-79	-83	-7	17	-51	12	-92	71	-58	31	53	93	-37	-95	-28	20	-59	
-43	-76	7	58	38	-47	92	46	-76	28	67	-21	78	-22	9	-6	51	-17	66	78	30	67	35	50	17	-81	-96	-50	4	77	6	-69	-18	16	-66	-42	24	71	-26	-70	53	80	6	-28	4	-75	-40	72	83	96	-87	97	99	22	95	-69	-96	-1	33	16	86	51	-40	38	-65	-24	24	16	-94	0	-83	-41	24	86	24	98	46	-90	-73	-61	14	-43	11	65	49	99	-39	17	35	-24	-58	75	24	95	97	88	46	53	-94	67	-35	32	58	-42	5	10	93	72	-54	67	25	14	90	-81	-37	-83	-18	-47	-17	-74	-61	-38	-21	24	30	78	-98	-31	
-11	-28	64	-21	-79	10	14	71	21	82	-24	-70	97	62	93	87	57	57	-78	-55	3	7	-54	-45	92	-23	85	-22	-46	-81	-29	-1	-87	11	-41	-75	-36	-65	-17	18	41	-77	39	12	36	29	-17	-56	93	-22	86	-82	36	64	10	14	28	30	-94	-57	-92	48	-21	-66	-23	0	-89	83	-81	78	-83	43	87	-83	-19	16	-30	25	20	-17	31	-5	3	46	-37	-76	73	-83	-48	-46	58	83	-79	-92	-51	-96	83	55	42	72	-29	-51	24	-15	53	-44	-76	-53	40	-56	-11	26	57	-82	-34	-31	6	-18	22	7	99	39	-83	-31	42	68	-43	48	
-80	-53	-88	30	19	81	-86	69	-44	61	-5	3	84	52	22	-32	35	-68	22	23	-52	-87	-45	24	68	16	-29	72	47	97	30	23	-67	41	-43	34	21	-85	29	-7	46	-23	-47	45	-25	68	-72	72	-36	80	-30	78	88	21	-25	19	4	51	43	-50	39	75	63	54	-13	-82	-1	99	75	-58	-1	24	73	-9	24	-88	82	31	-10	-96	-72	20	90	-14	92	-18	-55	-51	-22	-48	-76	-66	-99	56	-36	-37	35	86	-81	95	-77	-19	8	-12	-35	81	48	22	-97	61	-34	46	-60	99	-36	-66	-8	50	61	-51	-27	-60	-32	27	-12	-15	91	68	
45	44	-13	-99	-48	43	-65	-58	-31	20	-52	-44	88	62	-24	82	-49	55	-37	37	-4	47	78	14	-75	24	34	91	32	54	88	30	15	-52	40	-90	73	-18	-94	13	-70	48	11	32	-96	-56	27	22	-24	-47	68	13	78	-45	15	45	49	-42	-84	59	-13	-17	55	35	18	-96	24	27	92	79	84	44	70	49	-13	-40	76	71	-49	63	93	-5	-20	-25	-57	19	33	-78	54	-11	88	-98	60	48	80	28	22	-95	-18	6	77	-21	92	66	27	67	32	31	91	54	42	-96	-68	-58	-64	14	41	-4	-34	33	0	-80	-69	-77	-43	-83	-67	2	
76	-22	-77	86	-23	57	-12	-23	42	97	-19	76	10	53	43	13	68	-64	-75	-69	-92	-59	-68	-69	-90	77	44	76	17	-84	37	84	-36	55	-2	-13	54	-50	59	36	-37	-63	19	-41	21	-49	75	67	37	27	-51	-85	17	80	7	-82	31	-30	89	-39	-49	-20	25	-87	-62	-53	-59	-72	-25	-57	-69	-81	37	-3	-35	-88	-82	60	0	-21	-66	80	-64	53	57	-74	3	-31	-18	71	80	-41	72	-73	-1	38	20	-96	23	-25	64	11	-58	12	80	-82	-94	-74	77	-90	93	49	52	97	-99	60	26	-83	13	13	-30	-5	24	43	78	84	18	-84	
83	-98	-59	45	-81	-74	27	39	-87	86	27	65	18	28	-86	59	49	-51	19	-46	-29	46	59	18	-33	-62	37	-17	80	45	-9	-88	-66	19	41	-86	-37	-31	-70	47	-58	-16	89	-56	31	-89	57	3	-21	-61	91	-37	-83	28	-74	61	86	33	14	97	-94	90	68	79	-19	-56	91	-90	-17	-80	46	-77	-22	-12	55	34	0	-52	21	-13	75	-54	-66	-45	14	28	70	-45	19	-80	-19	75	90	91	-63	-55	26	-9	-5	-28	-31	33	-65	-45	88	62	40	-78	69	-46	77	22	15	0	-37	-92	41	-21	-56	-43	92	-51	47	-18	-54	48	-70	39	
58	57	-71	-16	27	71	-8	-27	-23	-36	-11	86	-71	49	-61	30	31	-66	-89	19	-24	-52	-56	84	-62	-2	-78	91	-75	-42	-32	7	12	70	60	-22	31	20	-59	18	-28	-47	61	-8	-83	-76	27	83	60	-44	94	56	-46	64	84	-26	-55	-23	17	-56	-85	-20	-67	-55	-9	0	71	81	-37	-22	-81	-38	26	57	44	-48	-98	94	-76	-97	-2	94	59	-90	-21	-22	64	91	-26	38	-13	53	7	29	-49	73	28	76	-95	-36	-82	71	-23	-42	-14	73	-19	-39	-77	13	98	82	58	66	-29	-74	65	-63	11	42	89	-52	45	38	-15	-54	-95	93	
47	59	66	41	-82	71	-13	-70	-33	15	70	54	-9	-51	-96	-10	8	-73	-6	-5	-22	81	94	-93	-29	59	66	85	-25	84	-85	69	-67	19	-60	-61	-56	21	97	-31	-27	78	7	-73	3	-57	3	-85	-21	-95	-32	68	-2	40	9	-29	65	-82	74	-60	64	70	-48	-41	-12	4	-44	-86	-14	97	-1	-12	-86	-94	-1	90	75	-36	69	46	-17	30	-26	59	-46	68	-34	-69	78	33	21	48	-36	73	17	-43	21	47	-94	-92	14	92	45	-73	-77	-55	-82	-95	-44	-80	39	-96	-48	-12	-2	87	69	70	40	91	-2	-16	54	58	-84	13	61	-36	
-57	-8	56	-29	74	41	-94	-84	-30	84	68	-88	33	27	14	-9	15	-36	65	50	16	-6	75	11	47	94	-90	-19	39	-71	-14	-30	-1	-54	-83	58	-47	-13	-11	31	-72	-26	-12	-90	97	58	-45	93	6	17	3	-40	44	24	-30	-18	34	-68	43	-2	-24	-3	52	-21	-96	-99	66	-50	97	69	-83	81	85	-19	-12	72	34	59	-24	97	22	-21	40	2	-50	16	64	54	-3	81	48	-52	80	21	95	-78	68	-58	26	50	-37	62	68	54	95	38	92	-77	6	-81	70	-72	-62	50	-95	-18	-19	37	1	-62	-30	-43	43	-99	-72	-56	-92	-32	
-10	-47	35	-42	-98	45	27	-52	59	84	68	-57	16	-86	-93	66	-53	-13	-31	94	92	33	98	29	-32	64	49	97	-86	25	-6	87	-10	99	60	-75	-36	-24	97	44	-19	34	-34	-86	-20	-52	8	-38	91	-63	-35	8	-98	10	-38	29	66	-78	47	73	29	46	-16	59	-73	-63	-61	84	-56	-59	0	-56	-3	19	-51	-22	-17	21	-4	-44	-55	-38	-84	-79	-68	-39	30	-39	-81	37	2	17	32	-56	-71	-14	60	-46	-31	-89	-68	72	27	-33	-21	45	85	46	-6	54	-55	8	-77	64	32	61	33	-52	49	-72	-59	-98	-85	14	-99	-72	-88	-21	
87	75	-90	72	-73	-39	-61	-45	82	17	39	-62	-51	44	-67	-9	-55	-77	-24	-25	26	-72	77	12	12	-30	-64	94	78	59	-57	-3	5	62	-83	79	-53	-53	-73	-93	99	-42	-67	83	-27	-43	-63	-49	27	-1	51	-76	37	-38	47	48	-54	15	-31	-19	-93	-95	-8	-28	59	50	-62	67	-8	62	-37	-54	53	-69	-20	94	50	73	85	99	82	56	80	-48	-81	95	-73	-67	-19	62	-77	4	98	90	30	28	-95	14	-12	15	-25	-68	60	-76	-76	71	-46	-32	5	-80	-16	5	97	38	33	-58	68	-56	-66	-12	-74	99	-64	69	59	61	-10	39	
